1.1569895290671718e-12   -0.6443854716109307  4.150399469072822
0.020337447249365016   -0.644295021979508  4.150399469072822
0.0402635403558167   -0.6440310304882846  4.150399469072822
0.05978659954896991   -0.6436042462665201  4.150399469072822
0.07891477676982002   -0.6430250316140188  4.150399469072822
0.09765605907462187   -0.6423033587719601  4.150399469072822
0.11601827196992211   -0.6414488090605218  4.150399469072822
0.13400908268013464   -0.6404705740694763  4.150399469072822
0.15163600334902153   -0.6393774586306517  4.150399469072822
0.16890639417642722   -0.6381778853267022  4.150399469072822
0.1858274664915596   -0.6368799003143669  4.150399469072822
0.20240628576411393   -0.6354911802623049  4.150399469072822
0.2186497745544917   -0.6340190402238621  4.150399469072822
0.23456471540434568   -0.6324704422837213  4.150399469072822
0.25015775366866194   -0.6308520048339485  4.150399469072822
0.2654354002905572   -0.6291700123483428  4.150399469072822
0.28040403451995183   -0.6274304255526696  4.150399469072822
0.29506990657725496   -0.6256388824775647  4.150399469072822
0.3094391402631716   -0.623800746622283  4.150399469072822
0.32351773551572377   -0.6219210709174144  4.150399469072822
0.3373115709155508   -0.6200046085501977  4.150399469072822
0.3508264061405373   -0.6180558705208749  4.150399469072822
0.36406788437079324   -0.6160790989237181  4.150399469072822
0.3770415346449869   -0.6140782869778607  4.150399469072822
0.38975277416902304   -0.6120571895172764  4.150399469072822
0.40220691057801905   -0.6100193332990794  4.150399469072822
0.4144091441525329   -0.6079680269481429  4.150399469072822
0.4263645699899631   -0.6059063710954575  4.150399469072822
0.4380781801320302   -0.603837268086968  4.150399469072822
0.4495548656492252   -0.6017634310859478  4.150399469072822
0.4607994186830989   -0.5996873932088534  4.150399469072822
0.47181653444724186   -0.5976115163670248  4.150399469072822
0.4826108131877914   -0.5955379997755037  4.150399469072822
0.4931867621042858   -0.5934688881775607  4.150399469072822
0.5035487972316651   -0.5914060797717056  4.150399469072822
0.5137012452842069   -0.5893513338427941  4.150399469072822
0.5236483454621644   -0.5873062780983663  4.150399469072822
0.533394251221865   -0.5852724148395351  4.150399469072822
0.5429430320100023   -0.5832511216012412  4.150399469072822
0.5522986749628542   -0.5812436909108722  4.150399469072822
0.5614650865711286   -0.5792512902332461  4.150399469072822
0.5704460943111358   -0.5772749730516333  4.150399469072822
0.5792454482429689   -0.5753157237163642  4.150399469072822
0.5878668225763578   -0.5733744303379513  4.150399469072822
0.5963138172048528   -0.5714518980319179  4.150399469072822
0.6045899592089748   -0.5695488538206745  4.150399469072822
0.6126987043289652   -0.5676659512998162  4.150399469072822
0.6206434384077449   -0.5658037750768453  4.150399469072822
0.6284274788046885   -0.5639628449903885  4.150399469072822
0.6360540757808024   -0.562143620118021  4.150399469072822
0.6435264138558855   -0.5603465025807318  4.150399469072822
0.650847613138241   -0.5585718411520566  4.150399469072822
0.6580207306274904   -0.5568199346797754  4.150399469072822
0.6650487614910374   -0.5550910353279618  4.150399469072822
0.6719346403147146   -0.5533853516470105  4.150399469072822
0.6786812423281321   -0.5517030514790652  4.150399469072822
0.6852913846052424   -0.5500442647065343  4.150399469072822
0.691767827240623   -0.5484090858338195  4.150399469072822
0.6981132745019661   -0.546797576466927  4.150399469072822
0.7043303759592567   -0.5452097676521165  4.150399469072822
0.7104217275911142   -0.543645662014455  4.150399469072822
0.7163898728687529   -0.5421052358437115  4.150399469072822
0.7222373038180219   -0.5405884410396599  4.150399469072822
0.72796646205996   -0.5390952069473269  4.150399469072822
0.7335797398303066   -0.53762544208518  4.150399469072822
0.7390794809783894   -0.536179035772197  4.150399469072822
0.7444679819458109   -0.5347558596593761  4.150399469072822
0.7497474927253358   -0.5333557691698354  4.150399469072822
0.7549202178003875   -0.531978604852872  4.150399469072822
0.7599883170655387   -0.530624193656354  4.150399469072822
0.7649539067283856   -0.5292923501217376  4.150399469072822
0.7698190601931802   -0.5279828775057452  4.150399469072822
0.7745858089265887   -0.5266955688327465  4.150399469072822
0.7792561433059401   -0.5254302078815555  4.150399469072822
0.7838320134503176   -0.5241865701102275  4.150399469072822
0.7883153300348386   -0.5229644235222658  4.150399469072822
0.7927079650884662   -0.5217635294774104  4.150399469072822
0.7970117527756835   -0.5205836434503828  4.150399469072822
0.8012284901623568   -0.5194245157398313  4.150399469072822
0.8053599379661086   -0.5182858921311296  4.150399469072822
0.8094078212915135   -0.5171675145149738  4.150399469072822
0.8133738303504227   -0.5160691214649284  4.150399469072822
0.8172596211677201   -0.5149904487753547  4.150399469072822
0.8210668162728032   -0.5139312299629278  4.150399469072822
0.8247970053770763   -0.5128911967333848  4.150399469072822
0.8284517460377432   -0.5118700794155723  4.150399469072822
0.8320325643081706   -0.5108676073647536  4.150399469072822
0.8355409553751   -0.5098835093375538  4.150399469072822
0.8389783841829689   -0.5089175138385046  4.150399469072822
0.8423462860456046   -0.507969349442011  4.150399469072822
0.8456460672455469   -0.5070387450898818  4.150399469072822
0.8488791056212468   -0.5061254303662986  4.150399469072822
0.8520467511423896   -0.5052291357515366  4.150399469072822
0.8551503264735805   -0.5043495942578055  4.150399469072822
0.8581911275266294   -0.5034865360413903  4.150399469072822
0.8611704240016648   -0.5026396969967168  4.150399469072822
0.8640894599173021   -0.5018088133444433  4.150399469072822
0.8669494541300903   -0.5009936231938766  4.150399469072822
0.8697516008434497   -0.5001938666966693  4.150399469072822
0.8724970701063182   -0.49940928675024776  4.150399469072822
0.875187008301709   -0.4986396268262208  4.150399469072822
0.87782253862539   -0.49788463455334375  4.150399469072822
0.8804047615548769   -0.4971440594922401  4.150399469072822
0.8829347553089445   -0.4964176538111808  4.150399469072822
0.8854135762978406   -0.4957051723676068  4.150399469072822
0.8878422595643951   -0.4950063727805171  4.150399469072822
0.8902218192162074   -0.49432101549433705  4.150399469072822
0.8925532488490904   -0.493648863834843  4.150399469072822
0.8948375219619521   -0.49298968405767635  4.150399469072822
0.8970755923632838   -0.4923432453900356  4.150399469072822
0.899268394569427   -0.49170932006560814  4.150399469072822
0.9014168441947853   -0.4910876819991777  4.150399469072822
0.903521838334143   -0.4904781123137122  4.150399469072822
0.9055842559372513   -0.48988039097637526  4.150399469072822
0.9076049581758376   -0.48929430247131755  4.150399469072822
0.9095847888031915   -0.4887196344018764  4.150399469072822
0.9115245745064777   -0.48815617745554446  4.150399469072822
0.9134251252519235   -0.4876037254560971  4.150399469072822
0.9152872346230234   -0.4870620753114137  4.150399469072822
0.9171116801519031   -0.48653102703959555  4.150399469072822
0.9188992236439824   -0.4860103837527594  4.150399469072822
0.9206506114960696   -0.4854999516343987  4.150399469072822
0.9223665750080234   -0.4849995399261926  4.150399469072822
0.9240478306881106   -0.4845089636050404  4.150399469072822
0.9256950805521866   -0.4840280326422181  4.150399469072822
0.9273090124168256   -0.4835565680313496  4.150399469072822
0.9288903001865222   -0.4830943911104503  4.150399469072822
0.9304396041350819   -0.4826413261617611  4.150399469072822
0.9319575711813226   -0.48219720040412134  4.150399469072822
0.9334448351591976   -0.4817618439668783  4.150399469072822
0.9349020170824568   -0.48133508986117896  4.150399469072822
0.9363297254039528   -0.4809167739500246  4.150399469072822
0.9377285562697031   -0.4805067349214179  4.150399469072822
0.9390990937678146   -0.48010481425369717  4.150399469072822
0.9404419101723714   -0.47971085582107303  4.150399469072822
0.9417575661823904   -0.4793247073229437  4.150399469072822
0.9430466111559436   -0.4789462180486331  4.150399469072822
0.9443095833395458   -0.4785752403179729  4.150399469072822
0.9455470100929012   -0.47821162907718473  4.150399469072822
0.9467594081091046   -0.477855241864428  4.150399469072822
0.9479472836303897   -0.4775059387750489  4.150399469072822
0.9491111326595122   -0.47716358242658186  4.150399469072822
0.9502514411668579   -0.47682803792357076  4.150399469072822
0.9513686852933625   -0.47649917282225396  4.150399469072822
0.9524633315493257   -0.4761768570951671  4.150399469072822
0.9535358370092051   -0.47586096309570913  4.150399469072822
0.9545866495024694   -0.4755513655227092  4.150399469072822
0.9556162078005915   -0.475247941385039  4.150399469072822
0.9566249418002601   -0.47495056996630314  4.150399469072822
0.9576132727028844   -0.47465913278964017  4.150399469072822
0.9585816131904691   -0.4743735135826686  4.150399469072822
0.959530367597931   -0.4740935982426006  4.150399469072822
0.9604599320819315   -0.47381927480155406  4.150399469072822
0.961370694786293   -0.47355043339208214  4.150399469072822
0.962263036004071   -0.4732869662129479  4.150399469072822
0.9631373283363461   -0.47302876749515776  4.150399469072822
0.9639939368478058   -0.4727757334682733  4.150399469072822
0.964833219219179   -0.47252776232702165  4.150399469072822
0.9656555258965871   -0.4722847541982129  4.150399469072822
0.9664612002378741   -0.472046611107985  4.150399469072822
0.9672505786559773   -0.4718132369493805  4.150399469072822
0.9680239907593986   -0.4715845374502718  4.150399469072822
0.968781759489833   -0.471360420336095  4.150399469072822
0.9695242012570152   -0.4711407945225207  4.150399469072822
0.9702516260708376   -0.4709255712455529  4.150399469072822
0.9709643376707963   -0.47071466325887557  4.150399469072822
0.9716626336528186   -0.47050798499611884  4.150399469072822
0.9723468055935263   -0.47030545254102385  4.150399469072822
0.973017139171984   -0.47010698359800407  4.150399469072822
0.9736739142889863   -0.46991249746309954  4.150399469072822
0.9743174051839313   -0.46972191499532906  4.150399469072822
0.9749478805493303   -0.469535158588444  4.150399469072822
0.9755656036430022   -0.46935215214308196  4.150399469072822
0.9761708323979972   -0.4691728210393241  4.150399469072822
0.9767638195302986   -0.4689970921096518  4.150399469072822
0.9773448126443451   -0.46882489361230983  4.150399469072822
0.9779140543364194   -0.4686561552050674  4.150399469072822
0.978471782295945   -0.4684908079193811  4.150399469072822
0.9790182294047346   -0.46832878413495743  4.150399469072822
0.9795536238342312   -0.46817001755471127  4.150399469072822
0.9800781891407822   -0.4680144431801214  4.150399469072822
0.9805921443589856   -0.4678619972869764  4.150399469072822
0.9810957040931498   -0.46771261740151165  4.150399469072822
0.9815890786069019   -0.4675662422769311  4.150399469072822
0.9820724739109847   -0.4674228118703113  4.150399469072822
0.9825460918492773   -0.46728226731988165  4.150399469072822
0.9830101301830754   -0.4671445509226711  4.150399469072822
0.9834647826736682   -0.4670096061125086  4.150399469072822
0.9839102391632438   -0.4668773774383549  4.150399469072822
0.984346685654159   -0.46674781054539755  4.150399469072822
0.984774304386605   -0.4666208521638391  4.150399469072822
0.9851932739147028   -0.46649645004793394  4.150399469072822
0.9856037691810595   -0.46637455300082425  4.150399469072822
0.9860059615898161   -0.4662551108381928  4.150399469072822
0.986400019078218   -0.46613807436897997  4.150399469072822
0.9867861061867382   -0.4660233953763652  4.150399469072822
0.9871643841277821   -0.4659110265990604  4.150399469072822
0.9875350108530014   -0.46580092171288867  4.150399469072822
0.9878981411192492   -0.46569303531272516  4.150399469072822
0.9882539265531979   -0.4655873228947355  4.150399469072822
0.9886025157146524   -0.4654837408389297  4.150399469072822
0.9889440541585817   -0.46538224639203496  4.150399469072822
0.989278684495896   -0.46528279765067615  4.150399469072822
0.9896065464529946   -0.4651853535448638  4.150399469072822
0.9899277769301095   -0.4650898738217818  4.150399469072822
0.9902425100584681   -0.46499631902987604  4.150399469072822
0.9905508772563009   -0.4649046505032307  4.150399469072822
0.9908530072837153   -0.46481483034623755  4.150399469072822
0.9911490262964606   -0.4647268214185457  4.150399469072822
0.9914390578986041   -0.46464058732029295  4.150399469072822
0.9917232231941432   -0.46455609237761064  4.150399469072822
0.9920016408375723   -0.4644733016284013  4.150399469072822
0.9922744270834282   -0.464392180808379  4.150399469072822
0.9925416958348324   -0.46431269633737576  4.150399469072822
0.9928035586910515   -0.46423481530590205  4.150399469072822
0.9930601249940966   -0.4641585054619627  4.150399469072822
0.9933115018743789   -0.4640837351981215  4.150399469072822
0.9935577942954433   -0.46401047353880964  4.150399469072822
0.9937991050977958   -0.46393869012787625  4.150399469072822
0.9940355350418447   -0.46386835521637565  4.150399469072822
0.9942671828499747   -0.46379943965058473  4.150399469072822
0.9944941452477676   -0.46373191486025317  4.150399469072822
0.9947165170043913   -0.46366575284707373  4.150399469072822
0.9949343909721711   -0.46360092617337634  4.150399469072822
0.99514785812536   -0.463537407951038  4.150399469072822
0.9953570075981261   -0.4634751718306054  4.150399469072822
0.9955619267217702   -0.4634141919906269  4.150399469072822
0.9957627010611926   -0.4633544431271895  4.150399469072822
0.9959594144506196   -0.4632959004436598  4.150399469072822
0.9961521490286099   -0.46323853964061945  4.150399469072822
0.9963409852723518   -0.4631823369059992  4.150399469072822
0.9965260020312665   -0.46312726890540035  4.150399469072822
0.9967072765599319   -0.46307331277260716  4.150399469072822
0.9968848845503412   -0.463020446100281  4.150399469072822
0.9970589001635078   -0.462968646930836  4.150399469072822
0.9972293960604325   -0.46291789374749315  4.150399469072822
0.9973964434324419   -0.46286816546550824  4.150399469072822
0.9975601120309163   -0.46281944142356896  4.150399469072822
0.9977204701964134   -0.46277170137536305  4.150399469072822
0.997877584887205   -0.46272492548130967  4.150399469072822
0.9980315217072355   -0.462679094300451  4.150399469072822
0.9981823449335151   -0.46263418878250495  4.150399469072822
0.9983301175429588   -0.46259019026007314  4.150399469072822
0.9984749012386828   -0.46254708044099946  4.150399469072822
0.9986167564757693   -0.46250484140088205  4.150399469072822
0.9987557424865094   -0.46246345557572904  4.150399469072822
0.9988919173051356   -0.4624229057547611  4.150399469072822
0.9990253377920545   -0.4623831750733535  4.150399469072822
0.9991560596575894   -0.46234424700612003  4.150399469072822
0.999284137485242   -0.4623061053601292  4.150399469072822
0.999409624754484   -0.4622687342682573  4.150399469072822
0.9995325738630881   -0.46223211818267207  4.150399469072822
0.9996530361490064   -0.46219624186844294  4.150399469072822
0.9997710619118069   -0.4621610903972803  4.150399469072822
0.9998867004336769   -0.4621266491413974  4.150399469072822
0.9999999999999999   -0.46209290376749135  4.150399469072822
1.0011356005236698   -0.4617546336181254  4.150399469072822
1.0017209040070871   -0.46158025630638955  4.150399469072822
1.0023181955044325   -0.46140228760659746  4.150399469072822
1.0029277205506835   -0.46122065326238554  4.150399469072822
1.0035497297097935   -0.4610352774752317  4.150399469072822
1.0041844786776932   -0.4608460828724632  4.150399469072822
1.0048322283874018   -0.4606529904746277  4.150399469072822
1.0054932451162921   -0.4604559196622056  4.150399469072822
1.0061678005955523   -0.4602547881416619  4.150399469072822
1.0068561721218878   -0.46004951191082294  4.150399469072822
1.0075586426715148   -0.4598400052235663  4.150399469072822
1.0082755010164846   -0.4596261805538165  4.150399469072822
1.0090070418433925   -0.45940794855883094  4.150399469072822
1.0097535658745187   -0.45918521837440474  4.150399469072822
1.0105153799914486   -0.45895789625296707  4.150399469072822
1.0112927973612256   -0.4587258875002297  4.150399469072822
1.0120861375650887   -0.4584890951251096  4.150399469072822
1.0128957267298464   -0.45824742012531355  4.150399469072822
1.0137218976619398   -0.4580007614461618  4.150399469072822
1.0145649899842544   -0.45774901593784073  4.150399469072822
1.0154253502757313   -0.4574920783143071  4.150399469072822
1.01630333221384   -0.45722984110948656  4.150399469072822
1.0171992967199677   -0.45696219463170007  4.150399469072822
1.0181136121077878   -0.4566890269191521  4.150399469072822
1.0190466542346654   -0.45641022369395196  4.150399469072822
1.0199988066561665   -0.4561256682946763  4.150399469072822
1.020970460783729   -0.45583524168541095  4.150399469072822
1.0219620160455651   -0.4555388223591817  4.150399469072822
1.0229738800508577   -0.45523628629414675  4.150399469072822
1.0240064687573218   -0.4549275069146929  4.150399469072822
1.0250602066421959   -0.45461235503038705  4.150399469072822
1.0261355268767363   -0.454290698790385  4.150399469072822
1.027232871504286   -0.453962403627704  4.150399469072822
1.0283526916219898   -0.45362733221555507  4.150399469072822
1.029495447566231   -0.4532853444019173  4.150399469072822
1.0306616091018688   -0.45293629716239414  4.150399469072822
1.0318516556153465   -0.45258004453191775  4.150399469072822
1.033066076311761   -0.4522164375543687  4.150399469072822
1.0343053704159635   -0.45184532410017564  4.150399469072822
1.035570047377782   -0.45146654936491887  4.150399469072822
1.0368606270814464   -0.4510799548932847  4.150399469072822
1.0381776400593021   -0.45068537917949664  4.150399469072822
1.0395216277099029   -0.45028265742921036  4.150399469072822
1.0408931425205676   -0.44987162072834974  4.150399469072822
1.0422927482944988   -0.4494520990717071  4.150399469072822
1.0437210203825504   -0.44902391663983804  4.150399469072822
1.045178545919743   -0.4485868948575119  4.150399469072822
1.046665924066624   -0.44814085154287747  4.150399469072822
1.048183766255572   -0.44768560084323  4.150399469072822
1.049732696442143   -0.4472209531684123  4.150399469072822
1.0513133513615676   -0.4467467151240511  4.150399469072822
1.0529263807905005   -0.4462626894440816  4.150399469072822
1.0545724478141305   -0.44576867492367306  4.150399469072822
1.0562522290987624   -0.44526446634992844  4.150399469072822
1.0579664151699815   -0.4447498544339629  4.150399469072822
1.0597157106965154   -0.4442246257417805  4.150399469072822
1.0615008347799093   -0.4436885626250633  4.150399469072822
1.0633225212501343   -0.44314144315178855  4.150399469072822
1.0651815189672522   -0.44258304103673884  4.150399469072822
1.0670785921292565   -0.44201312557199646  4.150399469072822
1.0690145205862187   -0.44143146155741736  4.150399469072822
1.0709901001608704   -0.44083780921285703  4.150399469072822
1.0730061429757511   -0.4402319234604036  4.150399469072822
1.0750634777870554   -0.43961355663907487  4.150399469072822
1.0771629503253175   -0.43898245416761816  4.150399469072822
1.0793054236430772   -0.43833835735475296  4.150399469072822
1.0814917784696627   -0.4376810026086796  4.150399469072822
1.083722913573241   -0.4370101213716956  4.150399469072822
1.085999746130284   -0.4363254400559375  4.150399469072822
1.0883232121026036   -0.4356266799804899  4.150399469072822
1.090694266622106   -0.4349135573100544  4.150399469072822
1.0931138843834283   -0.43418578299541877  4.150399469072822
1.095583060044617   -0.433443062715928  4.150399469072822
1.0981028086360123   -0.4326850968242172  4.150399469072822
1.100674165977507   -0.43191158029344245  4.150399469072822
1.103298189104353   -0.4311222026673524  4.150399469072822
1.1059759567016876   -0.4303166480134358  4.150399469072822
1.1087085695479602   -0.4294945948794901  4.150399469072822
1.11149715096744   -0.4286557162539987  4.150399469072822
1.1143428472919954   -0.42779967953044423  4.150399469072822
1.117246828332325   -0.4269261464764014  4.150399469072822
1.120210287858848   -0.4260347732073764  4.150399469072822
1.1232344440924384   -0.425125210166018  4.150399469072822
1.1263205402052114   -0.4241971021037636  4.150399469072822
1.129469844831568   -0.4232500880764401  4.150399469072822
1.1326836525897075   -0.4222838014498798  4.150399469072822
1.1359632846138168   -0.42129786989118323  4.150399469072822
1.1393100890971664   -0.4202919153880256  4.150399469072822
1.1427254418463244   -0.4192655542706625  4.150399469072822
1.1462107468467249   -0.41821839724309706  4.150399469072822
1.149767436839819   -0.4171500494225199  4.150399469072822
1.153396973912047   -0.4160601103940498  4.150399469072822
1.1571008500958744   -0.4149481742558401  4.150399469072822
1.1608805879831368   -0.4138138297272948  4.150399469072822
1.164737741350948   -0.41265666023896386  4.150399469072822
1.168673895800429   -0.4114762439988873  4.150399469072822
1.1726906694085157   -0.4102721541271442  4.150399469072822
1.176789713393121   -0.4090439600297191  4.150399469072822
1.1809727127919178   -0.40779122319053984  4.150399469072822
1.1852413871550251   -0.40651350232966676  4.150399469072822
1.189597491251882   -0.4052103523468027  4.150399469072822
1.1940428157926002   -0.4038813232649558  4.150399469072822
1.1985791881640888   -0.4025259610894419  4.150399469072822
1.203208473181259   -0.4011438080583657  4.150399469072822
1.2079325738536126   -0.3997344028277991  4.150399469072822
1.212753432167533   -0.3982972811547721  4.150399469072822
1.217673029884598   -0.3968319756106878  4.150399469072822
1.2226933893562435   -0.39533801636902943  4.150399469072822
1.2278165743551128   -0.39381493147562274  4.150399469072822
1.233044690923435   -0.39226224726422154  4.150399469072822
1.2383798882387758   -0.39067948880495385  4.150399469072822
1.2438243594975247   -0.38906618038361807  4.150399469072822
1.2493803428164756   -0.3874218460105635  4.150399469072822
1.2550501221528723   -0.38574601002222314  4.150399469072822
1.2608360282432995   -0.3840381976398418  4.150399469072822
1.2667404395618038   -0.3822979356102267  4.150399469072822
1.2727657832976387   -0.380524751872416  4.150399469072822
1.2789145363530336   -0.37871818042521965  4.150399469072822
1.2851892263614022   -0.3768777557952135  4.150399469072822
1.2915924327264028   -0.3750030181258282  4.150399469072822
1.2981267876822806   -0.37309351296789395  4.150399469072822
1.3047949773759306   -0.37114879220497016  4.150399469072822
1.311599742971117   -0.3691684150326261  4.150399469072822
1.3185438817753166   -0.36715194896636566  4.150399469072822
1.3256302483896345   -0.3650989710029916  4.150399469072822
1.3328617558822768   -0.36300906872643846  4.150399469072822
1.3402413769860573   -0.36088184151509084  4.150399469072822
1.3477721453204288   -0.3587169018227118  4.150399469072822
1.3554571566385458   -0.35651387950635666  4.150399469072822
1.3632995700998702   -0.3542724112385936  4.150399469072822
1.3713026095688392   -0.3519921599922568  4.150399469072822
1.3794695649401332   -0.34967280454693894  4.150399469072822
1.3878037934910894   -0.34731404408184524  4.150399469072822
1.396308721261812   -0.3449155964695588  4.150399469072822
1.4049878444635524   -0.3424772134938224  4.150399469072822
1.413844730915933   -0.33999866242203897  4.150399469072822
1.4228830215136088   -0.3374797413235679  4.150399469072822
1.4321064317229697   -0.3349202776237677  4.150399469072822
1.441518753109496   -0.332320130047205  4.150399469072822
1.4511238548963974   -0.3296791922375504  4.150399469072822
1.4609256855551769   -0.32699738892471275  4.150399469072822
1.47092827442877   -0.32427467988071274  4.150399469072822
1.4811357333879298   -0.32151108350667984  4.150399469072822
1.4915522585215382   -0.31870664008636607  4.150399469072822
1.5021821318615363   -0.31586144081255435  4.150399469072822
1.5130297231431842   -0.31297562341487356  4.150399469072822
1.5240994916013766   -0.3100493744603441  4.150399469072822
1.535395987803745   -0.3070829347991716  4.150399469072822
1.5469238555213118   -0.30407658931081505  4.150399469072822
1.5586878336374512   -0.3010306880914329  4.150399469072822
1.570692758095954   -0.2979456358540637  4.150399469072822
1.5829435638889915   -0.29482189831987343  4.150399469072822
1.5954452870857934   -0.2916600030496448  4.150399469072822
1.6082030669028788   -0.28846054239527885  4.150399469072822
1.6212221478166908   -0.28522417536471617  4.150399469072822
1.634507881719496   -0.2819516295739917  4.150399469072822
1.648065730119446   -0.27864370309332503  4.150399469072822
1.6619012663856978   -0.2753012661589573  4.150399469072822
1.6760201780395168   -0.27192526957360713  4.150399469072822
1.690428269092308   -0.26851671539747435  4.150399469072822
1.705131462431532   -0.26507671198645516  4.150399469072822
1.7201358022554885   -0.2616064178625456  4.150399469072822
1.7354474565579725   -0.2581070987983812  4.150399469072822
1.7510727196638134   -0.2545800796080968  4.150399469072822
1.7670180148163528   -0.2510267635270764  4.150399469072822
1.7832898968179143   -0.24744863525887384  4.150399469072822
1.7998950547243566   -0.24384725758393908  4.150399469072822
1.8168403145948135   -0.240224269450715  4.150399469072822
1.8341326422977577   -0.23658138527594533  4.150399469072822
1.8517791463745308   -0.23292039529133188  4.150399469072822
1.8697870809615296   -0.22924315460455322  4.150399469072822
1.8881638487722423   -0.22555159582217915  4.150399469072822
1.9069170041403554   -0.22184771340035056  4.150399469072822
1.9260542561252019   -0.21813356534854286  4.150399469072822
1.9455834716807998   -0.2144112685465128  4.150399469072822
1.9655126788898074   -0.2106829945564776  4.150399469072822
1.9858500702637136   -0.2069509641945563  4.150399469072822
2.0066040061106194   -0.20321745009190012  4.150399469072822
2.0277830179719984   -0.19948474241064393  4.150399469072822
2.0493958121298506   -0.19575517942259554  4.150399469072822
2.071451273185685   -0.1920311342625068  4.150399469072822
2.093958467712806   -0.18831498432980795  4.150399469072822
2.1169266479834095   -0.18460912233346793  4.150399469072822
2.1403652557720108   -0.18091594779483325  4.150399469072822
2.1642839262367746   -0.17723785433351943  4.150399469072822
2.1886924918803468   -0.17357722540332518  4.150399469072822
2.213600986591798   -0.16993642317981744  4.150399469072822
2.239019649771371   -0.1663177833800888  4.150399469072822
2.26495893053969   -0.16272360500438113  4.150399469072822
2.291429492033199   -0.15915613923751856  4.150399469072822
2.318442215787571   -0.1556176015746086  4.150399469072822
2.346008206210892   -0.1521101155693407  4.150399469072822
2.374138795148469   -0.14863576231716852  4.150399469072822
2.40284554654114   -0.14519653990410825  4.150399469072822
2.4321402611789753   -0.14179436034560802  4.150399469072822
2.4620349815523603   -0.1384310585046363  4.150399469072822
2.4925419968024314   -0.13510836351048372  4.150399469072822
2.5236738477729004   -0.13182790886522958  4.150399469072822
2.5554433321653542   -0.12859122309228532  4.150399469072822
2.587863509800143   -0.1253997302317247  4.150399469072822
2.6209477079850183   -0.12225473333422336  4.150399469072822
2.6547095269937326   -0.11915743197774512  4.150399469072822
2.689162845656847   -0.1161089071931893  4.150399469072822
2.724321827067055   -0.11311012136304774  4.150399469072822
2.760200924401349   -0.11016192936564308  4.150399469072822
2.7968148868624447   -0.1072650626847199  4.150399469072822
2.834178765741894   -0.10442014196223225  4.150399469072822
2.8723079206073767   -0.10162767854693067  4.150399469072822
2.9112180256167295   -0.09888806831998134  4.150399469072822
2.950925075961277   -0.09620161092393134  4.150399469072822
2.991445394441154   -0.09356849966075645  4.150399469072822
3.0327956381752914   -0.0909888330799056  4.150399469072822
3.0749928054488325   -0.08846261757901788  4.150399469072822
3.1180542427008   -0.08598977290817805  4.150399469072822
3.161997651654889   -0.08357013719496735  4.150399469072822
3.2068410965962904   -0.08120347368858259  4.150399469072822
3.2526030117975777   -0.07888947426816766  4.150399469072822
3.2993022090966777   -0.07662776954675403  4.150399469072822
3.346957885630049   -0.07441792585398066  4.150399469072822
3.395589631724265   -0.07225945972422186  4.150399469072822
3.4452174389492054   -0.07015183857973038  4.150399469072822
3.495861708336207   -0.06809448667838595  4.150399469072822
3.547543258764538   -0.06608678995365301  4.150399469072822
3.6002833355196318   -0.06412810057386424  4.150399469072822
3.6541036190266123   -0.06221774121626691  4.150399469072822
3.709026233762705   -0.06035500904371262  4.150399469072822
3.765073757352169   -0.058539179379362496  4.150399469072822
3.8222692298475316   -0.05676950908111382  4.150399469072822
3.880636163200902   -0.05504523962139095  4.150399469072822
3.940198550929282   -0.053365599883042326  4.150399469072822
4.0009808779778435   -0.05172980868698029  4.150399469072822
4.063008130785202   -0.050137077071149824  4.150399469072822
4.126305807554869   -0.04858661034134376  4.150399469072822
4.190899928737064   -0.04707760991256394  4.150399469072822
4.256817047725222   -0.04560927499866985  4.150399469072822
4.324084261771575   -0.044180803884052766  4.150399469072822
4.392729223126322   -0.04279139564828229  4.150399469072822
4.462780150404911   -0.04144025094212225  4.150399469072822
4.534265840188185   -0.0401265732511502  4.150399469072822
4.607215678860091   -0.03884956980845903  4.150399469072822
4.681659654687854   -0.03760845245206312  4.150399469072822
4.757628370149574   -0.03640243839693156  4.150399469072822
4.835153054514322   -0.03523075093117606  4.150399469072822
4.9142655766798695   -0.0340926200447619  4.150399469072822
4.9949984582733915   -0.03298728299788625  4.150399469072822
5.07738488702047   -0.03191398483507519  4.150399469072822
5.161458730387926   -0.03087197885014256  4.150399469072822
5.247254549506093   -0.029860527006407324  4.150399469072822
5.33480761337621   -0.028878900315957943  4.150399469072822
5.424153913368834   -0.027926379181248448  4.150399469072822
5.515330178019197   -0.0270022537018918  4.150399469072822
5.6083738881255965   -0.02610582394915901  4.150399469072822
5.7033232921570205   -0.025236400210397726  4.150399469072822
5.80021742197637   -0.02439330320534028  4.150399469072822
5.899096108885676   -0.0235758642760718  4.150399469072822
5.999999999999999   -0.022783425552261666  4.150399469072822