-1.051072952751e+00
-1.051069713817e+00
-1.051064315597e+00
-1.051056758099e+00
-1.051047041331e+00
-1.051035165307e+00
-1.051021130040e+00
-1.051004935547e+00
-1.050986581850e+00
-1.050966068971e+00
-1.050943396934e+00
-1.050918565769e+00
-1.050891575506e+00
-1.050862426178e+00
-1.050831117821e+00
-1.050797650476e+00
-1.050762024182e+00
-1.050724238984e+00
-1.050684294930e+00
-1.050642192069e+00
-1.050597930452e+00
-1.050551510137e+00
-1.050502931179e+00
-1.050452193640e+00
-1.050399297583e+00
-1.050344243074e+00
-1.050287030182e+00
-1.050227658979e+00
-1.050166129538e+00
-1.050102441936e+00
-1.050036596254e+00
-1.049968592575e+00
-1.049898430982e+00
-1.049826111566e+00
-1.049751634416e+00
-1.049674999626e+00
-1.049596207293e+00
-1.049515257517e+00
-1.049432150399e+00
-1.049346886045e+00
-1.049259464563e+00
-1.049169886063e+00
-1.049078150660e+00
-1.048984258469e+00
-1.048888209610e+00
-1.048790004206e+00
-1.048689642382e+00
-1.048587124266e+00
-1.048482449989e+00
-1.048375619686e+00
-1.048266633492e+00
-1.048155491549e+00
-1.048042193999e+00
-1.047926740989e+00
-1.047809132666e+00
-1.047689369184e+00
-1.047567450697e+00
-1.047443377363e+00
-1.047317149344e+00
-1.047188766804e+00
-1.047058229909e+00
-1.046925538831e+00
-1.046790693742e+00
-1.046653694821e+00
-1.046514542245e+00
-1.046373236199e+00
-1.046229776869e+00
-1.046084164443e+00
-1.045936399114e+00
-1.045786481079e+00
-1.045634410535e+00
-1.045480187686e+00
-1.045323812737e+00
-1.045165285897e+00
-1.045004607378e+00
-1.044841777395e+00
-1.044676796167e+00
-1.044509663917e+00
-1.044340380870e+00
-1.044168947255e+00
-1.043995363305e+00
-1.043819629254e+00
-1.043641745344e+00
-1.043461711816e+00
-1.043279528917e+00
-1.043095196897e+00
-1.042908716008e+00
-1.042720086509e+00
-1.042529308660e+00
-1.042336382724e+00
-1.042141308970e+00
-1.041944087668e+00
-1.041744719096e+00
-1.041543203530e+00
-1.041339541253e+00
-1.041133732553e+00
-1.040925777718e+00
-1.040715677044e+00
-1.040503430827e+00
-1.040289039369e+00
-1.040072502975e+00
-1.039853821956e+00
-1.039632996623e+00
-1.039410027295e+00
-1.039184914292e+00
-1.038957657939e+00
-1.038728258566e+00
-1.038496716506e+00
-1.038263032097e+00
-1.038027205679e+00
-1.037789237598e+00
-1.037549128204e+00
-1.037306877851e+00
-1.037062486896e+00
-1.036815955703e+00
-1.036567284638e+00
-1.036316474071e+00
-1.036063524379e+00
-1.035808435940e+00
-1.035551209139e+00
-1.035291844365e+00
-1.035030342010e+00
-1.034766702471e+00
-1.034500926151e+00
-1.034233013456e+00
-1.033962964797e+00
-1.033690780590e+00
-1.033416461255e+00
-1.033140007218e+00
-1.032861418908e+00
-1.032580696759e+00
-1.032297841211e+00
-1.032012852709e+00
-1.031725731700e+00
-1.031436478639e+00
-1.031145093985e+00
-1.030851578201e+00
-1.030555931757e+00
-1.030258155125e+00
-1.029958248786e+00
-1.029656213222e+00
-1.029352048923e+00
-1.029045756384e+00
-1.028737336103e+00
-1.028426788586e+00
-1.028114114343e+00
-1.027799313889e+00
-1.027482387745e+00
-1.027163336438e+00
-1.026842160498e+00
-1.026518860463e+00
-1.026193436876e+00
-1.025865890285e+00
-1.025536221244e+00
-1.025204430313e+00
-1.024870518057e+00
-1.024534485047e+00
-1.024196331859e+00
-1.023856059077e+00
-1.023513667289e+00
-1.023169157090e+00
-1.022822529080e+00
-1.022473783865e+00
-1.022122922057e+00
-1.021769944277e+00
-1.021414851147e+00
-1.021057643300e+00
-1.020698321372e+00
-1.020336886007e+00
-1.019973337854e+00
-1.019607677571e+00
-1.019239905819e+00
-1.018870023267e+00
-1.018498030591e+00
-1.018123928474e+00
-1.017747717604e+00
-1.017369398676e+00
-1.016988972393e+00
-1.016606439464e+00
-1.016221800605e+00
-1.015835056537e+00
-1.015446207992e+00
-1.015055255705e+00
-1.014662200420e+00
-1.014267042888e+00
-1.013869783867e+00
-1.013470424121e+00
-1.013068964423e+00
-1.012665405553e+00
-1.012259748297e+00
-1.011851993450e+00
-1.011442141813e+00
-1.011030194197e+00
-1.010616151417e+00
-1.010200014298e+00
-1.009781783673e+00
-1.009361460382e+00
-1.008939045272e+00
-1.008514539200e+00
-1.008087943027e+00
-1.007659257627e+00
-1.007228483879e+00
-1.006795622670e+00
-1.006360674896e+00
-1.005923641462e+00
-1.005484523280e+00
-1.005043321270e+00
-1.004600036361e+00
-1.004154669492e+00
-1.003707221608e+00
-1.003257693665e+00
-1.002806086624e+00
-1.002352401459e+00
-1.001896639151e+00
-1.001438800689e+00
-1.000978887071e+00
-1.000516899307e+00
-1.000052838411e+00
-9.995867054103e-01
-9.991185013396e-01
-9.986482272431e-01
-9.981758841745e-01
-9.977014731967e-01
-9.972249953820e-01
-9.967464518125e-01
-9.962658435796e-01
-9.957831717846e-01
-9.952984375384e-01
-9.948116419617e-01
-9.943227861851e-01
-9.938318713492e-01
-9.933388986045e-01
-9.928438691119e-01
-9.923467840420e-01
-9.918476445760e-01
-9.913464519053e-01
-9.908432072316e-01
-9.903379117673e-01
-9.898305667350e-01
-9.893211733683e-01
-9.888097329111e-01
-9.882962466184e-01
-9.877807157559e-01
-9.872631416001e-01
-9.867435254387e-01
-9.862218685705e-01
-9.856981723051e-01
-9.851724379638e-01
-9.846446668790e-01
-9.841148603943e-01
-9.835830198653e-01
-9.830491466585e-01
-9.825132421526e-01
-9.819753077376e-01
-9.814353448157e-01
-9.808933548007e-01
-9.803493391183e-01
-9.798032992066e-01
-9.792552365155e-01
-9.787051525072e-01
-9.781530486565e-01
-9.775989264501e-01
-9.770427873875e-01
-9.764846329807e-01
-9.759244647544e-01
-9.753622842458e-01
-9.747980930052e-01
-9.742318925957e-01
-9.736636845935e-01
-9.730934705876e-01
-9.725212521805e-01
-9.719470309878e-01
-9.713708086386e-01
-9.707925867752e-01
-9.702123670537e-01
-9.696301511437e-01
-9.690459407285e-01
-9.684597375054e-01
-9.678715431853e-01
-9.672813594934e-01
-9.666891881689e-01
-9.660950309651e-01
-9.654988896496e-01
-9.649007660046e-01
-9.643006618264e-01
-9.636985789263e-01
-9.630945191298e-01
-9.624884842777e-01
-9.618804762251e-01
-9.612704968425e-01
-9.606585480153e-01
-9.600446316439e-01
-9.594287496442e-01
-9.588109039474e-01
-9.581910965000e-01
-9.575693292642e-01
-9.569456042178e-01
-9.563199233544e-01
-9.556922886834e-01
-9.550627022302e-01
-9.544311660362e-01
-9.537976821589e-01
-9.531622526724e-01
-9.525248796667e-01
-9.518855652485e-01
-9.512443115412e-01
-9.506011206847e-01
-9.499559948357e-01
-9.493089361678e-01
-9.486599468716e-01
-9.480090291549e-01
-9.473561852425e-01
-9.467014173767e-01
-9.460447278170e-01
-9.453861188407e-01
-9.447255927425e-01
-9.440631518350e-01
-9.433987984485e-01
-9.427325349315e-01
-9.420643636501e-01
-9.413942869891e-01
-9.407223073514e-01
-9.400484271580e-01
-9.393726488488e-01
-9.386949748822e-01
-9.380154077351e-01
-9.373339499036e-01
-9.366506039024e-01
-9.359653722656e-01
-9.352782575461e-01
-9.345892623163e-01
-9.338983891680e-01
-9.332056407124e-01
-9.325110195805e-01
-9.318145284227e-01
-9.311161699095e-01
-9.304159467313e-01
-9.297138615986e-01
-9.290099172420e-01
-9.283041164125e-01
-9.275964618814e-01
-9.268869564406e-01
-9.261756029025e-01
-9.254624041005e-01
-9.247473628887e-01
-9.240304821422e-01
-9.233117647572e-01
-9.225912136511e-01
-9.218688317628e-01
-9.211446220523e-01
-9.204185875016e-01
-9.196907311139e-01
-9.189610559146e-01
-9.182295649507e-01
-9.174962612915e-01
-9.167611480282e-01
-9.160242282744e-01
-9.152855051661e-01
-9.145449818615e-01
-9.138026615419e-01
-9.130585474108e-01
-9.123126426949e-01
-9.115649506437e-01
-9.108154745298e-01
-9.100642176491e-01
-9.093111833205e-01
-9.085563748866e-01
-9.077997957135e-01
-9.070414491908e-01
-9.062813387320e-01
-9.055194677744e-01
-9.047558397794e-01
-9.039904582324e-01
-9.032233266432e-01
-9.024544485457e-01
-9.016838274984e-01
-9.009114670844e-01
-9.001373709115e-01
-8.993615426122e-01
-8.985839858440e-01
-8.978047042894e-01
-8.970237016560e-01
-8.962409816769e-01
-8.954565481102e-01
-8.946704047397e-01
-8.938825553750e-01
-8.930930038510e-01
-8.923017540286e-01
-8.915088097949e-01
-8.907141750626e-01
-8.899178537708e-01
-8.891198498849e-01
-8.883201673967e-01
-8.875188103244e-01
-8.867157827127e-01
-8.859110886333e-01
-8.851047321845e-01
-8.842967174915e-01
-8.834870487069e-01
-8.826757300099e-01
-8.818627656073e-01
-8.810481597333e-01
-8.802319166494e-01
-8.794140406446e-01
-8.785945360358e-01
-8.777734071676e-01
-8.769506584123e-01
-8.761262941705e-01
-8.753003188706e-01
-8.744727369694e-01
-8.736435529517e-01
-8.728127713311e-01
-8.719803966493e-01
-8.711464334767e-01
-8.703108864126e-01
-8.694737600847e-01
-8.686350591500e-01
-8.677947882940e-01
-8.669529522315e-01
-8.661095557067e-01
-8.652646034925e-01
-8.644181003916e-01
-8.635700512359e-01
-8.627204608870e-01
-8.618693342358e-01
-8.610166762032e-01
-8.601624917396e-01
-8.593067858256e-01
-8.584495634715e-01
-8.575908297177e-01
-8.567305896347e-01
-8.558688483232e-01
-8.550056109142e-01
-8.541408825689e-01
-8.532746684792e-01
-8.524069738672e-01
-8.515378039859e-01
-8.506671641187e-01
-8.497950595798e-01
-8.489214957142e-01
-8.480464778977e-01
-8.471700115371e-01
-8.462921020703e-01
-8.454127549660e-01
-8.445319757241e-01
-8.436497698759e-01
-8.427661429837e-01
-8.418811006411e-01
-8.409946484734e-01
-8.401067921368e-01
-8.392175373193e-01
-8.383268897404e-01
-8.374348551511e-01
-8.365414393341e-01
-8.356466481035e-01
-8.347504873055e-01
-8.338529628178e-01
-8.329540805499e-01
-8.320538464433e-01
-8.311522664713e-01
-8.302493466389e-01
-8.293450929834e-01
-8.284395115737e-01
-8.275326085111e-01
-8.266243899287e-01
-8.257148619916e-01
-8.248040308971e-01
-8.238919028746e-01
-8.229784841855e-01
-8.220637811236e-01
-8.211478000146e-01
-8.202305472165e-01
-8.193120291194e-01
-8.183922521456e-01
-8.174712227497e-01
-8.165489474184e-01
-8.156254326706e-01
-8.147006850574e-01
-8.137747111623e-01
-8.128475176005e-01
-8.119191110200e-01
-8.109894981005e-01
-8.100586855540e-01
-8.091266801248e-01
-8.081934885891e-01
-8.072591177553e-01
-8.063235744639e-01
-8.053868655875e-01
-8.044489980306e-01
-8.035099787298e-01
-8.025698146536e-01
-8.016285128025e-01
-8.006860802088e-01
-7.997425239367e-01
-7.987978510822e-01
-7.978520687730e-01
-7.969051841686e-01
-7.959572044600e-01
-7.950081368700e-01
-7.940579886528e-01
-7.931067670940e-01
-7.921544795107e-01
-7.912011332514e-01
-7.902467356958e-01
-7.892912942547e-01
-7.883348163701e-01
-7.873773095151e-01
-7.864187811936e-01
-7.854592389406e-01
-7.844986903215e-01
-7.835371429328e-01
-7.825746044012e-01
-7.816110823841e-01
-7.806465845694e-01
-7.796811186749e-01
-7.787146924490e-01
-7.777473136698e-01
-7.767789901454e-01
-7.758097297140e-01
-7.748395402432e-01
-7.738684296302e-01
-7.728964058018e-01
-7.719234767140e-01
-7.709496503519e-01
-7.699749347297e-01
-7.689993378906e-01
-7.680228679064e-01
-7.670455328776e-01
-7.660673409330e-01
-7.650883002297e-01
-7.641084189532e-01
-7.631277053165e-01
-7.621461675607e-01
-7.611638139546e-01
-7.601806527941e-01
-7.591966924026e-01
-7.582119411306e-01
-7.572264073554e-01
-7.562400994811e-01
-7.552530259383e-01
-7.542651951838e-01
-7.532766157006e-01
-7.522872959978e-01
-7.512972446099e-01
-7.503064700971e-01
-7.493149810448e-01
-7.483227860635e-01
-7.473298937886e-01
-7.463363128801e-01
-7.453420520223e-01
-7.443471199237e-01
-7.433515253169e-01
-7.423552769578e-01
-7.413583836262e-01
-7.403608541248e-01
-7.393626972793e-01
-7.383639219380e-01
-7.373645369720e-01
-7.363645512741e-01
-7.353639737593e-01
-7.343628133642e-01
-7.333610790466e-01
-7.323587797855e-01
-7.313559245809e-01
-7.303525224530e-01
-7.293485824424e-01
-7.283441136096e-01
-7.273391250349e-01
-7.263336258178e-01
-7.253276250769e-01
-7.243211319495e-01
-7.233141555916e-01
-7.223067051769e-01
-7.212987898974e-01
-7.202904189623e-01
-7.192816015980e-01
-7.182723470480e-01
-7.172626645719e-01
-7.162525634459e-01
-7.152420529620e-01
-7.142311424275e-01
-7.132198411651e-01
-7.122081585123e-01
-7.111961038210e-01
-7.101836864575e-01
-7.091709158015e-01
-7.081578012464e-01
-7.071443521988e-01
-7.061305780777e-01
-7.051164883145e-01
-7.041020923529e-01
-7.030873996478e-01
-7.020724196655e-01
-7.010571618833e-01
-7.000416357887e-01
-6.990258508795e-01
-6.980098166630e-01
-6.969935426562e-01
-6.959770383845e-01
-6.949603133823e-01
-6.939433771918e-01
-6.929262393632e-01
-6.919089094538e-01
-6.908913970280e-01
-6.898737116567e-01
-6.888558629168e-01
-6.878378603910e-01
-6.868197136673e-01
-6.858014323385e-01
-6.847830260019e-01
-6.837645042589e-01
-6.827458767144e-01
-6.817271529766e-01
-6.807083426564e-01
-6.796894553670e-01
-6.786705007235e-01
-6.776514883427e-01
-6.766324278421e-01
-6.756133288400e-01
-6.745942009549e-01
-6.735750538049e-01
-6.725558970076e-01
-6.715367401791e-01
-6.705175929343e-01
-6.694984648858e-01
-6.684793656438e-01
-6.674603048155e-01
-6.664412920049e-01
-6.654223368119e-01
-6.644034488324e-01
-6.633846376575e-01
-6.623659128729e-01
-6.613472840589e-01
-6.603287607897e-01
-6.593103526328e-01
-6.582920691488e-01
-6.572739198909e-01
-6.562559144043e-01
-6.552380622259e-01
-6.542203728837e-01
-6.532028558965e-01
-6.521855207732e-01
-6.511683770127e-01
-6.501514341031e-01
-6.491347015215e-01
-6.481181887333e-01
-6.471019051920e-01
-6.460858603384e-01
-6.450700636007e-01
-6.440545243933e-01
-6.430392521169e-01
-6.420242561580e-01
-6.410095458882e-01
-6.399951306637e-01
-6.389810198254e-01
-6.379672226977e-01
-6.369537485886e-01
-6.359406067890e-01
-6.349278065722e-01
-6.339153571936e-01
-6.329032678902e-01
-6.318915478803e-01
-6.308802063626e-01
-6.298692525162e-01
-6.288586955000e-01
-6.278485444523e-01
-6.268388084902e-01
-6.258294967093e-01
-6.248206181834e-01
-6.238121819636e-01
-6.228041970784e-01
-6.217966725329e-01
-6.207896173086e-01
-6.197830403627e-01
-6.187769506279e-01
-6.177713570120e-01
-6.167662683972e-01
-6.157616936400e-01
-6.147576415706e-01
-6.137541209924e-01
-6.127511406819e-01
-6.117487093880e-01
-6.107468358315e-01
-6.097455287052e-01
-6.087447966728e-01
-6.077446483692e-01
-6.067450923996e-01
-6.057461373391e-01
-6.047477917328e-01
-6.037500640947e-01
-6.027529629081e-01
-6.017564966243e-01
-6.007606736633e-01
-5.997655024123e-01
-5.987709912261e-01
-5.977771484266e-01
-5.967839823020e-01
-5.957915011071e-01
-5.947997130623e-01
-5.938086263536e-01
-5.928182491324e-01
-5.918285895145e-01
-5.908396555806e-01
-5.898514553751e-01
-5.888639969066e-01
-5.878772881468e-01
-5.868913370306e-01
-5.859061514558e-01
-5.849217392826e-01
-5.839381083332e-01
-5.829552663918e-01
-5.819732212040e-01
-5.809919804764e-01
-5.800115518769e-01
-5.790319430336e-01
-5.780531615350e-01
-5.770752149296e-01
-5.760981107257e-01
-5.751218563907e-01
-5.741464593515e-01
-5.731719269936e-01
-5.721982666611e-01
-5.712254856565e-01
-5.702535912402e-01
-5.692825906306e-01
-5.683124910035e-01
-5.673432994919e-01
-5.663750231859e-01
-5.654076691326e-01
-5.644412443353e-01
-5.634757557538e-01
-5.625112103041e-01
-5.615476148579e-01
-5.605849762426e-01
-5.596233012410e-01
-5.586625965913e-01
-5.577028689865e-01
-5.567441250747e-01
-5.557863714583e-01
-5.548296146944e-01
-5.538738612943e-01
-5.529191177233e-01
-5.519653904007e-01
-5.510126856995e-01
-5.500610099462e-01
-5.491103694207e-01
-5.481607703563e-01
-5.472122189393e-01
-5.462647213089e-01
-5.453182835570e-01
-5.443729117286e-01
-5.434286118207e-01
-5.424853897830e-01
-5.415432515174e-01
-5.406022028782e-01
-5.396622496713e-01
-5.387233976548e-01
-5.377856525388e-01
-5.368490199848e-01
-5.359135056062e-01
-5.349791149677e-01
-5.340458535858e-01
-5.331137269282e-01
-5.321827404138e-01
-5.312528994130e-01
-5.303242092471e-01
-5.293966751888e-01
-5.284703024617e-01
-5.275450962402e-01
-5.266210616501e-01
-5.256982037678e-01
-5.247765276207e-01
-5.238560381869e-01
-5.229367403955e-01
-5.220186391263e-01
-5.211017392097e-01
-5.201860454271e-01
-5.192715625106e-01
-5.183582951429e-01
-5.174462479575e-01
-5.165354255387e-01
-5.156258324213e-01
-5.147174730912e-01
-5.138103519846e-01
-5.129044734890e-01
-5.119998419423e-01
-5.110964616333e-01
-5.101943368019e-01
-5.092934716385e-01
-5.083938702849e-01
-5.074955368334e-01
-5.065984753276e-01
-5.057026897622e-01
-5.048081840828e-01
-5.039149621865e-01
-5.030230279214e-01
-5.021323850871e-01
-5.012430374344e-01
-5.003549886657e-01
-4.994682424349e-01
-4.985828023476e-01
-4.976986719610e-01
-4.968158547842e-01
-4.959343542780e-01
-4.950541738556e-01
-4.941753168818e-01
-4.932977866738e-01
-4.924215865014e-01
-4.915467195862e-01
-4.906731891029e-01
-4.898009981784e-01
-4.889301498928e-01
-4.880606472786e-01
-4.871924933217e-01
-4.863256909610e-01
-4.854602430887e-01
-4.845961525502e-01
-4.837334221449e-01
-4.828720546254e-01
-4.820120526985e-01
-4.811534190248e-01
-4.802961562190e-01
-4.794402668502e-01
-4.785857534420e-01
-4.777326184724e-01
-4.768808643743e-01
-4.760304935355e-01
-4.751815082988e-01
-4.743339109625e-01
-4.734877037800e-01
-4.726428889606e-01
-4.717994686693e-01
-4.709574450269e-01
-4.701168201105e-01
-4.692775959536e-01
-4.684397745459e-01
-4.676033578342e-01
-4.667683477219e-01
-4.659347460696e-01
-4.651025546951e-01
-4.642717753736e-01
-4.634424098383e-01
-4.626144597799e-01
-4.617879268473e-01
-4.609628126476e-01
-4.601391187466e-01
-4.593168466686e-01
-4.584959978967e-01
-4.576765738733e-01
-4.568585759999e-01
-4.560420056379e-01
-4.552268641079e-01
-4.544131526909e-01
-4.536008726279e-01
-4.527900251202e-01
-4.519806113299e-01
-4.511726323799e-01
-4.503660893539e-01
-4.495609832973e-01
-4.487573152166e-01
-4.479550860803e-01
-4.471542968187e-01
-4.463549483244e-01
-4.455570414524e-01
-4.447605770203e-01
-4.439655558085e-01
-4.431719785606e-01
-4.423798459837e-01
-4.415891587482e-01
-4.407999174884e-01
-4.400121228027e-01
-4.392257752538e-01
-4.384408753688e-01
-4.376574236397e-01
-4.368754205234e-01
-4.360948664421e-01
-4.353157617834e-01
-4.345381069006e-01
-4.337619021131e-01
-4.329871477064e-01
-4.322138439323e-01
-4.314419910095e-01
-4.306715891235e-01
-4.299026384269e-01
-4.291351390400e-01
-4.283690910503e-01
-4.276044945136e-01
-4.268413494535e-01
-4.260796558622e-01
-4.253194137004e-01
-4.245606228977e-01
-4.238032833528e-01
-4.230473949338e-01
-4.222929574782e-01
-4.215399707935e-01
-4.207884346574e-01
-4.200383488175e-01
-4.192897129925e-01
-4.185425268713e-01
-4.177967901145e-01
-4.170525023534e-01
-4.163096631912e-01
-4.155682722028e-01
-4.148283289350e-01
-4.140898329069e-01
-4.133527836103e-01
-4.126171805094e-01
-4.118830230416e-01
-4.111503106175e-01
-4.104190426210e-01
-4.096892184100e-01
-4.089608373161e-01
-4.082338986450e-01
-4.075084016771e-01
-4.067843456672e-01
-4.060617298451e-01
-4.053405534157e-01
-4.046208155591e-01
-4.039025154314e-01
-4.031856521640e-01
-4.024702248648e-01
-4.017562326178e-01
-4.010436744834e-01
-4.003325494990e-01
-3.996228566788e-01
-3.989145950144e-01
-3.982077634745e-01
-3.975023610060e-01
-3.967983865332e-01
-3.960958389587e-01
-3.953947171637e-01
-3.946950200076e-01
-3.939967463287e-01
-3.932998949446e-01
-3.926044646517e-01
-3.919104542263e-01
-3.912178624241e-01
-3.905266879809e-01
-3.898369296125e-01
-3.891485860151e-01
-3.884616558654e-01
-3.877761378210e-01
-3.870920305204e-01
-3.864093325834e-01
-3.857280426112e-01
-3.850481591865e-01
-3.843696808742e-01
-3.836926062207e-01
-3.830169337553e-01
-3.823426619893e-01
-3.816697894168e-01
-3.809983145151e-01
-3.803282357441e-01
-3.796595515473e-01
-3.789922603517e-01
-3.783263605679e-01
-3.776618505905e-01
-3.769987287981e-01
-3.763369935537e-01
-3.756766432048e-01
-3.750176760835e-01
-3.743600905068e-01
-3.737038847770e-01
-3.730490571815e-01
-3.723956059931e-01
-3.717435294704e-01
-3.710928258578e-01
-3.704434933858e-01
-3.697955302711e-01
-3.691489347167e-01
-3.685037049123e-01
-3.678598390345e-01
-3.672173352466e-01
-3.665761916993e-01
-3.659364065304e-01
-3.652979778655e-01
-3.646609038176e-01
-3.640251824877e-01
-3.633908119649e-01
-3.627577903263e-01
-3.621261156375e-01
-3.614957859528e-01
-3.608667993150e-01
-3.602391537559e-01
-3.596128472965e-01
-3.589878779467e-01
-3.583642437061e-01
-3.577419425638e-01
-3.571209724986e-01
-3.565013314791e-01
-3.558830174642e-01
-3.552660284026e-01
-3.546503622339e-01
-3.540360168878e-01
-3.534229902849e-01
-3.528112803367e-01
-3.522008849454e-01
-3.515918020046e-01
-3.509840293992e-01
-3.503775650055e-01
-3.497724066914e-01
-3.491685523166e-01
-3.485659997325e-01
-3.479647467829e-01
-3.473647913035e-01
-3.467661311223e-01
-3.461687640602e-01
-3.455726879302e-01
-3.449779005383e-01
-3.443843996835e-01
-3.437921831576e-01
-3.432012487458e-01
-3.426115942265e-01
-3.420232173714e-01
-3.414361159461e-01
-3.408502877096e-01
-3.402657304150e-01
-3.396824418092e-01
-3.391004196333e-01
-3.385196616224e-01
-3.379401655064e-01
-3.373619290092e-01
-3.367849498496e-01
-3.362092257411e-01
-3.356347543920e-01
-3.350615335055e-01
-3.344895607799e-01
-3.339188339090e-01
-3.333493505816e-01
-3.327811084820e-01
-3.322141052902e-01
-3.316483386818e-01
-3.310838063282e-01
-3.305205058966e-01
-3.299584350504e-01
-3.293975914491e-01
-3.288379727482e-01
-3.282795765999e-01
-3.277224006525e-01
-3.271664425512e-01
-3.266116999377e-01
-3.260581704503e-01
-3.255058517244e-01
-3.249547413924e-01
-3.244048370837e-01
-3.238561364248e-01
-3.233086370395e-01
-3.227623365490e-01
-3.222172325722e-01
-3.216733227252e-01
-3.211306046219e-01
-3.205890758740e-01
-3.200487340911e-01
-3.195095768807e-01
-3.189716018482e-01
-3.184348065973e-01
-3.178991887299e-01
-3.173647458461e-01
-3.168314755446e-01
-3.162993754223e-01
-3.157684430748e-01
-3.152386760965e-01
-3.147100720803e-01
-3.141826286181e-01
-3.136563433006e-01
-3.131312137175e-01
-3.126072374575e-01
-3.120844121087e-01
-3.115627352581e-01
-3.110422044923e-01
-3.105228173970e-01
-3.100045715576e-01
-3.094874645588e-01
-3.089714939851e-01
-3.084566574207e-01
-3.079429524494e-01
-3.074303766549e-01
-3.069189276207e-01
-3.064086029305e-01
-3.058994001679e-01
-3.053913169166e-01
-3.048843507605e-01
-3.043784992837e-01
-3.038737600706e-01
-3.033701307062e-01
-3.028676087756e-01
-3.023661918647e-01
-3.018658775598e-01
-3.013666634478e-01
-3.008685471165e-01
-3.003715261543e-01
-2.998755981505e-01
-2.993807606951e-01
-2.988870113793e-01
-2.983943477952e-01
-2.979027675357e-01
-2.974122681953e-01
-2.969228473693e-01
-2.964345026543e-01
-2.959472316482e-01
-2.954610319503e-01
-2.949759011611e-01
-2.944918368828e-01
-2.940088367190e-01
-2.935268982746e-01
-2.930460191565e-01
-2.925661969729e-01
-2.920874293339e-01
-2.916097138513e-01
-2.911330481386e-01
-2.906574298113e-01
-2.901828564867e-01
-2.897093257840e-01
-2.892368353245e-01
-2.887653827313e-01
-2.882949656299e-01
-2.878255816475e-01
-2.873572284139e-01
-2.868899035608e-01
-2.864236047223e-01
-2.859583295346e-01
-2.854940756364e-01
-2.850308406688e-01
-2.845686222752e-01
-2.841074181014e-01
-2.836472257958e-01
-2.831880430092e-01
-2.827298673952e-01
-2.822726966098e-01
-2.818165283116e-01
-2.813613601621e-01
-2.809071898252e-01
-2.804540149678e-01
-2.800018332595e-01
-2.795506423727e-01
-2.791004399827e-01
-2.786512237675e-01
-2.782029914082e-01
-2.777557405888e-01
-2.773094689963e-01
-2.768641743207e-01
-2.764198542550e-01
-2.759765064952e-01
-2.755341287405e-01
-2.750927186933e-01
-2.746522740590e-01
-2.742127925463e-01
-2.737742718671e-01
-2.733367097365e-01
-2.729001038728e-01
-2.724644519978e-01
-2.720297518364e-01
-2.715960011170e-01
-2.711631975714e-01
-2.707313389345e-01
-2.703004229451e-01
-2.698704473451e-01
-2.694414098800e-01
-2.690133082986e-01
-2.685861403535e-01
-2.681599038008e-01
-2.677345963999e-01
-2.673102159141e-01
-2.668867601100e-01
-2.664642267582e-01
-2.660426136327e-01
-2.656219185111e-01
-2.652021391748e-01
-2.647832734090e-01
-2.643653190024e-01
-2.639482737477e-01
-2.635321354412e-01
-2.631169018830e-01
-2.627025708769e-01
-2.622891402308e-01
-2.618766077562e-01
-2.614649712685e-01
-2.610542285870e-01
-2.606443775348e-01
-2.602354159390e-01
-2.598273416306e-01
-2.594201524445e-01
-2.590138462194e-01
-2.586084207983e-01
-2.582038740279e-01
-2.578002037589e-01
-2.573974078461e-01
-2.569954841483e-01
-2.565944305282e-01
-2.561942448528e-01
-2.557949249928e-01
-2.553964688232e-01
-2.549988742231e-01
-2.546021390755e-01
-2.542062612677e-01
-2.538112386909e-01
-2.534170692406e-01
-2.530237508163e-01
-2.526312813218e-01
-2.522396586648e-01
-2.518488807574e-01
-2.514589455158e-01
-2.510698508603e-01
-2.506815947154e-01
-2.502941750099e-01
-2.499075896766e-01
-2.495218366528e-01
-2.491369138797e-01
-2.487528193031e-01
-2.483695508726e-01
-2.479871065424e-01
-2.476054842708e-01
-2.472246820202e-01
-2.468446977577e-01
-2.464655294541e-01
-2.460871750850e-01
-2.457096326300e-01
-2.453329000729e-01
-2.449569754020e-01
-2.445818566098e-01
-2.442075416931e-01
-2.438340286531e-01
-2.434613154952e-01
-2.430894002291e-01
-2.427182808647e-01
-2.423479554288e-01
-2.419784219398e-01
-2.416096784249e-01
-2.412417229153e-01
-2.408745534469e-01
-2.405081680596e-01
-2.401425647979e-01
-2.397777417104e-01
-2.394136968504e-01
-2.390504282751e-01
-2.386879340464e-01
-2.383262122304e-01
-2.379652608977e-01
-2.376050781231e-01
-2.372456619857e-01
-2.368870105692e-01
-2.365291219616e-01
-2.361719942550e-01
-2.358156255462e-01
-2.354600139362e-01
-2.351051575303e-01
-2.347510544384e-01
-2.343977027746e-01
-2.340451006573e-01
-2.336932462094e-01
-2.333421375581e-01
-2.329917728350e-01
-2.326421501761e-01
-2.322932677216e-01
-2.319451236163e-01
-2.315977160091e-01
-2.312510430535e-01
-2.309051029072e-01
-2.305598937323e-01
-2.302154136954e-01
-2.298716609672e-01
-2.295286337230e-01
-2.291863301423e-01
-2.288447484089e-01
-2.285038867112e-01
-2.281637432416e-01
-2.278243161972e-01
-2.274856037791e-01
-2.271476041931e-01
-2.268103156491e-01
-2.264737363613e-01
-2.261378645484e-01
-2.258026984334e-01
-2.254682362434e-01
-2.251344762101e-01
-2.248014165695e-01
-2.244690555616e-01
-2.241373914312e-01
-2.238064224270e-01
-2.234761468023e-01
-2.231465628144e-01
-2.228176687252e-01
-2.224894628006e-01
-2.221619433112e-01
-2.218351085314e-01
-2.215089567402e-01
-2.211834862209e-01
-2.208586952608e-01
-2.205345821518e-01
-2.202111451898e-01
-2.198883826751e-01
-2.195662929123e-01
-2.192448742100e-01
-2.189241248815e-01
-2.186040432438e-01
-2.182846276185e-01
-2.179658763314e-01
-2.176477877125e-01
-2.173303600958e-01
-2.170135918198e-01
-2.166974812272e-01
-2.163820266647e-01
-2.160672264834e-01
-2.157530790385e-01
-2.154395826893e-01
-2.151267357996e-01
-2.148145367369e-01
-2.145029838734e-01
-2.141920755851e-01
-2.138818102523e-01
-2.135721862593e-01
-2.132632019948e-01
-2.129548558516e-01
-2.126471462263e-01
-2.123400715201e-01
-2.120336301380e-01
-2.117278204893e-01
-2.114226409872e-01
-2.111180900494e-01
-2.108141660972e-01
-2.105108675563e-01
-2.102081928565e-01
-2.099061404315e-01
-2.096047087193e-01
-2.093038961618e-01
-2.090037012049e-01
-2.087041222987e-01
-2.084051578974e-01
-2.081068064591e-01
-2.078090664459e-01
-2.075119363240e-01
-2.072154145637e-01
-2.069194996392e-01
-2.066241900287e-01
-2.063294842144e-01
-2.060353806827e-01
-2.057418779236e-01
-2.054489744314e-01
-2.051566687041e-01
-2.048649592440e-01
-2.045738445571e-01
-2.042833231534e-01
-2.039933935468e-01
-2.037040542553e-01
-2.034153038005e-01
-2.031271407084e-01
-2.028395635084e-01
-2.025525707342e-01
-2.022661609232e-01
-2.019803326167e-01
-2.016950843598e-01
-2.014104147017e-01
-2.011263221953e-01
-2.008428053974e-01
-2.005598628686e-01
-2.002774931735e-01
-1.999956948802e-01
-1.997144665611e-01
-1.994338067920e-01
-1.991537141527e-01
-1.988741872267e-01
-1.985952246016e-01
-1.983168248683e-01
-1.980389866218e-01
-1.977617084609e-01
-1.974849889880e-01
-1.972088268094e-01
-1.969332205349e-01
-1.966581687783e-01
-1.963836701571e-01
-1.961097232923e-01
-1.958363268090e-01
-1.955634793356e-01
-1.952911795044e-01
-1.950194259515e-01
-1.947482173165e-01
-1.944775522426e-01
-1.942074293770e-01
-1.939378473702e-01
-1.936688048766e-01
-1.934003005541e-01
-1.931323330643e-01
-1.928649010724e-01
-1.925980032472e-01
-1.923316382612e-01
-1.920658047904e-01
-1.918005015144e-01
-1.915357271165e-01
-1.912714802833e-01
-1.910077597054e-01
-1.907445640766e-01
-1.904818920944e-01
-1.902197424598e-01
-1.899581138773e-01
-1.896970050550e-01
-1.894364147046e-01
-1.891763415410e-01
-1.889167842830e-01
-1.886577416527e-01
-1.883992123755e-01
-1.881411951807e-01
-1.878836888006e-01
-1.876266919714e-01
-1.873702034325e-01
-1.871142219267e-01
-1.868587462004e-01
-1.866037750033e-01
-1.863493070887e-01
-1.860953412130e-01
-1.858418761364e-01
-1.855889106221e-01
-1.853364434370e-01
-1.850844733511e-01
-1.848329991381e-01
-1.845820195748e-01
-1.843315334413e-01
-1.840815395214e-01
-1.838320366019e-01
-1.835830234730e-01
-1.833344989284e-01
-1.830864617648e-01
-1.828389107824e-01
-1.825918447848e-01
-1.823452625787e-01
-1.820991629740e-01
-1.818535447842e-01
-1.816084068258e-01
-1.813637479186e-01
-1.811195668856e-01
-1.808758625532e-01
-1.806326337508e-01
-1.803898793114e-01
-1.801475980707e-01
-1.799057888680e-01
-1.796644505456e-01
-1.794235819491e-01
-1.791831819272e-01
-1.789432493319e-01
-1.787037830181e-01
-1.784647818441e-01
-1.782262446713e-01
-1.779881703641e-01
-1.777505577902e-01
-1.775134058203e-01
-1.772767133284e-01
-1.770404791913e-01
-1.768047022892e-01
-1.765693815052e-01
-1.763345157256e-01
-1.761001038396e-01
-1.758661447397e-01
-1.756326373213e-01
-1.753995804828e-01
-1.751669731258e-01
-1.749348141549e-01
-1.747031024776e-01
-1.744718370046e-01
-1.742410166493e-01
-1.740106403286e-01
-1.737807069618e-01
-1.735512154717e-01
-1.733221647838e-01
-1.730935538266e-01
-1.728653815316e-01
-1.726376468333e-01
-1.724103486689e-01
-1.721834859790e-01
-1.719570577066e-01
-1.717310627980e-01
-1.715055002023e-01
-1.712803688714e-01
-1.710556677602e-01
-1.708313958265e-01
-1.706075520310e-01
-1.703841353372e-01
-1.701611447114e-01
-1.699385791230e-01
-1.697164375440e-01
-1.694947189493e-01
-1.692734223168e-01
-1.690525466271e-01
-1.688320908635e-01
-1.686120540123e-01
-1.683924350625e-01
-1.681732330060e-01
-1.679544468374e-01
-1.677360755540e-01
-1.675181181561e-01
-1.673005736466e-01
-1.670834410311e-01
-1.668667193182e-01
-1.666504075189e-01
-1.664345046472e-01
-1.662190097198e-01
-1.660039217560e-01
-1.657892397778e-01
-1.655749628101e-01
-1.653610898803e-01
-1.651476200185e-01
-1.649345522577e-01
-1.647218856333e-01
-1.645096191835e-01
-1.642977519492e-01
-1.640862829737e-01
-1.638752113034e-01
-1.636645359868e-01
-1.634542560755e-01
-1.632443706234e-01
-1.630348786872e-01
-1.628257793261e-01
-1.626170716019e-01
-1.624087545790e-01
-1.622008273246e-01
-1.619932889081e-01
-1.617861384018e-01
-1.615793748803e-01
-1.613729974209e-01
-1.611670051034e-01
-1.609613970103e-01
-1.607561722264e-01
-1.605513298391e-01
-1.603468689383e-01
-1.601427886166e-01
-1.599390879689e-01
-1.597357660926e-01
-1.595328220878e-01
-1.593302550567e-01
-1.591280641044e-01
-1.589262483381e-01
-1.587248068679e-01
-1.585237388058e-01
-1.583230432667e-01
-1.581227193678e-01
-1.579227662286e-01
-1.577231829713e-01
-1.575239687202e-01
-1.573251226023e-01
-1.571266437468e-01
-1.569285312854e-01
-1.567307843522e-01
-1.565334020836e-01
-1.563363836185e-01
-1.561397280980e-01
-1.559434346659e-01
-1.557475024678e-01
-1.555519306523e-01
-1.553567183698e-01
-1.551618647734e-01
-1.549673690183e-01
-1.547732302621e-01
-1.545794476649e-01
-1.543860203887e-01
-1.541929475983e-01
-1.540002284603e-01
-1.538078621440e-01
-1.536158478208e-01
-1.534241846644e-01
-1.532328718506e-01
-1.530419085579e-01
-1.528512939665e-01
-1.526610272594e-01
-1.524711076215e-01
-1.522815342399e-01
-1.520923063041e-01
-1.519034230059e-01
-1.517148835391e-01
-1.515266870998e-01
-1.513388328863e-01
-1.511513200991e-01
-1.509641479410e-01
-1.507773156168e-01
-1.505908223335e-01
-1.504046673005e-01
-1.502188497291e-01
-1.500333688329e-01
-1.498482238276e-01
-1.496634139311e-01
-1.494789383633e-01
-1.492947963465e-01
-1.491109871049e-01
-1.489275098649e-01
-1.487443638551e-01
-1.485615483059e-01
-1.483790624502e-01
-1.481969055229e-01
-1.480150767607e-01
-1.478335754027e-01
-1.476524006900e-01
-1.474715518658e-01
-1.472910281752e-01
-1.471108288656e-01
-1.469309531862e-01
-1.467514003886e-01
-1.465721697260e-01
-1.463932604540e-01
-1.462146718301e-01
-1.460364031138e-01
-1.458584535666e-01
-1.456808224521e-01
-1.455035090358e-01
-1.453265125854e-01
-1.451498323703e-01
-1.449734676622e-01
-1.447974177345e-01
-1.446216818628e-01
-1.444462593245e-01
-1.442711493991e-01
-1.440963513680e-01
-1.439218645146e-01
-1.437476881241e-01
-1.435738214839e-01
-1.434002638831e-01
-1.432270146128e-01
-1.430540729661e-01
-1.428814382379e-01
-1.427091097252e-01
-1.425370867268e-01
-1.423653685432e-01
-1.421939544771e-01
-1.420228438331e-01
-1.418520359174e-01
-1.416815300383e-01
-1.415113255060e-01
-1.413414216324e-01
-1.411718177313e-01
-1.410025131186e-01
-1.408335071118e-01
-1.406647990302e-01
-1.404963881952e-01
-1.403282739299e-01
-1.401604555591e-01
-1.399929324097e-01
-1.398257038101e-01
-1.396587690908e-01
-1.394921275841e-01
-1.393257786238e-01
-1.391597215457e-01
-1.389939556876e-01
-1.388284803887e-01
-1.386632949902e-01
-1.384983988351e-01
-1.383337912680e-01
-1.381694716355e-01
-1.380054392858e-01
-1.378416935689e-01
-1.376782338365e-01
-1.375150594422e-01
-1.373521697411e-01
-1.371895640902e-01
-1.370272418484e-01
-1.368652023758e-01
-1.367034450348e-01
-1.365419691892e-01
-1.363807742045e-01
-1.362198594481e-01
-1.360592242889e-01
-1.358988680975e-01
-1.357387902464e-01
-1.355789901096e-01
-1.354194670628e-01
-1.352602204835e-01
-1.351012497506e-01
-1.349425542449e-01
-1.347841333489e-01
-1.346259864466e-01
-1.344681129236e-01
-1.343105121674e-01
-1.341531835669e-01
-1.339961265127e-01
-1.338393403971e-01
-1.336828246140e-01
-1.335265785588e-01
-1.333706016287e-01
-1.332148932225e-01
-1.330594527403e-01
-1.329042795843e-01
-1.327493731578e-01
-1.325947328661e-01
-1.324403581159e-01
-1.322862483153e-01
-1.321324028744e-01
-1.319788212046e-01
-1.318255027188e-01
-1.316724468317e-01
-1.315196529593e-01
-1.313671205195e-01
-1.312148489313e-01
-1.310628376157e-01
-1.309110859949e-01
-1.307595934928e-01
-1.306083595349e-01
-1.304573835479e-01
-1.303066649604e-01
-1.301562032024e-01
-1.300059977053e-01
-1.298560479021e-01
-1.297063532273e-01
-1.295569131169e-01
-1.294077270083e-01
-1.292587943407e-01
-1.291101145543e-01
-1.289616870913e-01
-1.288135113949e-01
-1.286655869102e-01
-1.285179130834e-01
-1.283704893625e-01
-1.282233151966e-01
-1.280763900367e-01
-1.279297133347e-01
-1.277832845446e-01
-1.276371031212e-01
-1.274911685212e-01
-1.273454802025e-01
-1.272000376245e-01
-1.270548402480e-01
-1.269098875354e-01
-1.267651789502e-01
-1.266207139576e-01
-1.264764920240e-01
-1.263325126173e-01
-1.261887752068e-01
-1.260452792632e-01
-1.259020242587e-01
-1.257590096666e-01
-1.256162349619e-01
-1.254736996207e-01
-1.253314031207e-01
-1.251893449409e-01
-1.250475245616e-01
-1.249059414646e-01
-1.247645951329e-01
-1.246234850509e-01
-1.244826107046e-01
-1.243419715809e-01
-1.242015671684e-01
-1.240613969569e-01
-1.239214604376e-01
-1.237817571029e-01
-1.236422864467e-01
-1.235030479641e-01
-1.233640411515e-01
-1.232252655069e-01
-1.230867205291e-01
-1.229484057187e-01
-1.228103205774e-01
-1.226724646081e-01
-1.225348373152e-01
-1.223974382043e-01
-1.222602667822e-01
-1.221233225571e-01
-1.219866050385e-01
-1.218501137371e-01
-1.217138481649e-01
-1.215778078353e-01
-1.214419922626e-01
-1.213064009628e-01
-1.211710334530e-01
-1.210358892514e-01
-1.209009678776e-01
-1.207662688524e-01
-1.206317916980e-01
-1.204975359376e-01
-1.203635010957e-01
-1.202296866982e-01
-1.200960922721e-01
-1.199627173455e-01
-1.198295614481e-01
-1.196966241103e-01
-1.195639048642e-01
-1.194314032428e-01
-1.192991187805e-01
-1.191670510127e-01
-1.190351994762e-01
-1.189035637090e-01
-1.187721432501e-01
-1.186409376398e-01
-1.185099464196e-01
-1.183791691322e-01
-1.182486053215e-01
-1.181182545325e-01
-1.179881163114e-01
-1.178581902055e-01
-1.177284757634e-01
-1.175989725349e-01
-1.174696800708e-01
-1.173405979230e-01
-1.172117256449e-01
-1.170830627906e-01
-1.169546089157e-01
-1.168263635768e-01
-1.166983263316e-01
-1.165704967391e-01
-1.164428743592e-01
-1.163154587531e-01
-1.161882494831e-01
-1.160612461126e-01
-1.159344482060e-01
-1.158078553291e-01
-1.156814670486e-01
-1.155552829323e-01
-1.154293025492e-01
-1.153035254694e-01
-1.151779512640e-01
-1.150525795053e-01
-1.149274097667e-01
-1.148024416226e-01
-1.146776746485e-01
-1.145531084211e-01
-1.144287425180e-01
-1.143045765181e-01
-1.141806100012e-01
-1.140568425482e-01
-1.139332737411e-01
-1.138099031630e-01
-1.136867303979e-01
-1.135637550312e-01
-1.134409766489e-01
-1.133183948385e-01
-1.131960091881e-01
-1.130738192873e-01
-1.129518247264e-01
-1.128300250969e-01
-1.127084199914e-01
-1.125870090033e-01
-1.124657917272e-01
-1.123447677587e-01
-1.122239366945e-01
-1.121032981322e-01
-1.119828516705e-01
-1.118625969090e-01
-1.117425334484e-01
-1.116226608905e-01
-1.115029788380e-01
-1.113834868946e-01
-1.112641846651e-01
-1.111450717550e-01
-1.110261477712e-01
-1.109074123214e-01
-1.107888650143e-01
-1.106705054595e-01
-1.105523332678e-01
-1.104343480508e-01
-1.103165494211e-01
-1.101989369924e-01
-1.100815103791e-01
-1.099642691970e-01
-1.098472130624e-01
-1.097303415930e-01
-1.096136544071e-01
-1.094971511241e-01
-1.093808313645e-01
-1.092646947495e-01
-1.091487409014e-01
-1.090329694434e-01
-1.089173799996e-01
-1.088019721953e-01
-1.086867456564e-01
-1.085717000100e-01
-1.084568348838e-01
-1.083421499069e-01
-1.082276447089e-01
-1.081133189205e-01
-1.079991721735e-01
-1.078852041003e-01
-1.077714143345e-01
-1.076578025103e-01
-1.075443682632e-01
-1.074311112292e-01
-1.073180310456e-01
-1.072051273503e-01
-1.070923997823e-01
-1.069798479814e-01
-1.068674715883e-01
-1.067552702447e-01
-1.066432435930e-01
-1.065313912766e-01
-1.064197129399e-01
-1.063082082280e-01
-1.061968767869e-01
-1.060857182636e-01
-1.059747323060e-01
-1.058639185626e-01
-1.057532766831e-01
-1.056428063178e-01
-1.055325071182e-01
-1.054223787362e-01
-1.053124208250e-01
-1.052026330385e-01
-1.050930150313e-01
-1.049835664590e-01
-1.048742869782e-01
-1.047651762461e-01
-1.046562339208e-01
-1.045474596614e-01
-1.044388531276e-01
-1.043304139802e-01
-1.042221418806e-01
-1.041140364912e-01
-1.040060974751e-01
-1.038983244965e-01
-1.037907172200e-01
-1.036832753115e-01
-1.035759984372e-01
-1.034688862647e-01
-1.033619384619e-01
-1.032551546979e-01
-1.031485346423e-01
-1.030420779659e-01
-1.029357843398e-01
-1.028296534364e-01
-1.027236849286e-01
-1.026178784902e-01
-1.025122337958e-01
-1.024067505208e-01
-1.023014283413e-01
-1.021962669345e-01
-1.020912659779e-01
-1.019864251503e-01
-1.018817441309e-01
-1.017772225998e-01
-1.016728602381e-01
-1.015686567274e-01
-1.014646117501e-01
-1.013607249895e-01
-1.012569961297e-01
-1.011534248554e-01
-1.010500108521e-01
-1.009467538064e-01
-1.008436534051e-01
-1.007407093362e-01
-1.006379212883e-01
-1.005352889508e-01
-1.004328120138e-01
-1.003304901682e-01
-1.002283231056e-01
-1.001263105185e-01
-1.000244520999e-01
-9.992274754382e-02
-9.982119654477e-02
-9.971979879816e-02
-9.961855400011e-02
-9.951746184745e-02
-9.941652203777e-02
-9.931573426937e-02
-9.921509824131e-02
-9.911461365335e-02
-9.901428020599e-02
-9.891409760047e-02
-9.881406553872e-02
-9.871418372341e-02
-9.861445185794e-02
-9.851486964641e-02
-9.841543679363e-02
-9.831615300514e-02
-9.821701798717e-02
-9.811803144669e-02
-9.801919309134e-02
-9.792050262950e-02
-9.782195977022e-02
-9.772356422327e-02
-9.762531569911e-02
-9.752721390892e-02
-9.742925856454e-02
-9.733144937852e-02
-9.723378606412e-02
-9.713626833524e-02
-9.703889590652e-02
-9.694166849326e-02
-9.684458581143e-02
-9.674764757772e-02
-9.665085350946e-02
-9.655420332468e-02
-9.645769674209e-02
-9.636133348104e-02
-9.626511326160e-02
-9.616903580448e-02
-9.607310083105e-02
-9.597730806338e-02
-9.588165722418e-02
-9.578614803682e-02
-9.569078022535e-02
-9.559555351447e-02
-9.550046762952e-02
-9.540552229652e-02
-9.531071724213e-02
-9.521605219367e-02
-9.512152687911e-02
-9.502714102705e-02
-9.493289436677e-02
-9.483878662815e-02
-9.474481754175e-02
-9.465098683877e-02
-9.455729425101e-02
-9.446373951096e-02
-9.437032235170e-02
-9.427704250698e-02
-9.418389971115e-02
-9.409089369922e-02
-9.399802420681e-02
-9.390529097017e-02
-9.381269372619e-02
-9.372023221235e-02
-9.362790616678e-02
-9.353571532822e-02
-9.344365943604e-02
-9.335173823020e-02
-9.325995145131e-02
-9.316829884056e-02
-9.307678013977e-02
-9.298539509136e-02
-9.289414343838e-02
-9.280302492446e-02
-9.271203929384e-02
-9.262118629137e-02
-9.253046566250e-02
-9.243987715329e-02
-9.234942051037e-02
-9.225909548099e-02
-9.216890181299e-02
-9.207883925480e-02
-9.198890755544e-02
-9.189910646452e-02
-9.180943573225e-02
-9.171989510942e-02
-9.163048434739e-02
-9.154120319812e-02
-9.145205141415e-02
-9.136302874860e-02
-9.127413495516e-02
-9.118536978811e-02
-9.109673300230e-02
-9.100822435315e-02
-9.091984359666e-02
-9.083159048939e-02
-9.074346478848e-02
-9.065546625163e-02
-9.056759463711e-02
-9.047984970375e-02
-9.039223121096e-02
-9.030473891868e-02
-9.021737258744e-02
-9.013013197832e-02
-9.004301685294e-02
-8.995602697351e-02
-8.986916210275e-02
-8.978242200396e-02
-8.969580644100e-02
-8.960931517825e-02
-8.952294798066e-02
-8.943670461371e-02
-8.935058484346e-02
-8.926458843646e-02
-8.917871515984e-02
-8.909296478125e-02
-8.900733706891e-02
-8.892183179155e-02
-8.883644871843e-02
-8.875118761936e-02
-8.866604826469e-02
-8.858103042529e-02
-8.849613387255e-02
-8.841135837841e-02
-8.832670371534e-02
-8.824216965630e-02
-8.815775597482e-02
-8.807346244491e-02
-8.798928884115e-02
-8.790523493859e-02
-8.782130051283e-02
-8.773748533999e-02
-8.765378919669e-02
-8.757021186006e-02
-8.748675310777e-02
-8.740341271798e-02
-8.732019046937e-02
-8.723708614111e-02
-8.715409951291e-02
-8.707123036497e-02
-8.698847847799e-02
-8.690584363317e-02
-8.682332561223e-02
-8.674092419738e-02
-8.665863917134e-02
-8.657647031730e-02
-8.649441741898e-02
-8.641248026058e-02
-8.633065862680e-02
-8.624895230282e-02
-8.616736107433e-02
-8.608588472750e-02
-8.600452304898e-02
-8.592327582593e-02
-8.584214284597e-02
-8.576112389724e-02
-8.568021876832e-02
-8.559942724831e-02
-8.551874912677e-02
-8.543818419375e-02
-8.535773223978e-02
-8.527739305585e-02
-8.519716643344e-02
-8.511705216451e-02
-8.503705004148e-02
-8.495715985726e-02
-8.487738140520e-02
-8.479771447916e-02
-8.471815887343e-02
-8.463871438280e-02
-8.455938080249e-02
-8.448015792823e-02
-8.440104555618e-02
-8.432204348296e-02
-8.424315150568e-02
-8.416436942187e-02
-8.408569702957e-02
-8.400713412722e-02
-8.392868051376e-02
-8.385033598856e-02
-8.377210035145e-02
-8.369397340273e-02
-8.361595494313e-02
-8.353804477383e-02
-8.346024269647e-02
-8.338254851312e-02
-8.330496202634e-02
-8.322748303907e-02
-8.315011135475e-02
-8.307284677724e-02
-8.299568911083e-02
-8.291863816028e-02
-8.284169373077e-02
-8.276485562791e-02
-8.268812365778e-02
-8.261149762686e-02
-8.253497734208e-02
-8.245856261080e-02
-8.238225324083e-02
-8.230604904039e-02
-8.222994981814e-02
-8.215395538316e-02
-8.207806554497e-02
-8.200228011351e-02
-8.192659889915e-02
-8.185102171268e-02
-8.177554836531e-02
-8.170017866868e-02
-8.162491243486e-02
-8.154974947632e-02
-8.147468960596e-02
-8.139973263709e-02
-8.132487838345e-02
-8.125012665919e-02
-8.117547727886e-02
-8.110093005746e-02
-8.102648481036e-02
-8.095214135337e-02
-8.087789950269e-02
-8.080375907496e-02
-8.072971988719e-02
-8.065578175682e-02
-8.058194450170e-02
-8.050820794007e-02
-8.043457189059e-02
-8.036103617229e-02
-8.028760060465e-02
-8.021426500751e-02
-8.014102920114e-02
-8.006789300618e-02
-7.999485624369e-02
-7.992191873511e-02
-7.984908030230e-02
-7.977634076748e-02
-7.970369995330e-02
-7.963115768277e-02
-7.955871377931e-02
-7.948636806673e-02
-7.941412036922e-02
-7.934197051137e-02
-7.926991831815e-02
-7.919796361491e-02
-7.912610622741e-02
-7.905434598176e-02
-7.898268270448e-02
-7.891111622246e-02
-7.883964636298e-02
-7.876827295368e-02
-7.869699582262e-02
-7.862581479819e-02
-7.855472970919e-02
-7.848374038478e-02
-7.841284665451e-02
-7.834204834829e-02
-7.827134529642e-02
-7.820073732956e-02
-7.813022427873e-02
-7.805980597535e-02
-7.798948225119e-02
-7.791925293840e-02
-7.784911786948e-02
-7.777907687731e-02
-7.770912979514e-02
-7.763927645657e-02
-7.756951669558e-02
-7.749985034651e-02
-7.743027724404e-02
-7.736079722325e-02
-7.729141011954e-02
-7.722211576871e-02
-7.715291400687e-02
-7.708380467054e-02
-7.701478759656e-02
-7.694586262214e-02
-7.687702958483e-02
-7.680828832256e-02
-7.673963867359e-02
-7.667108047654e-02
-7.660261357038e-02
-7.653423779444e-02
-7.646595298838e-02
-7.639775899223e-02
-7.632965564635e-02
-7.626164279145e-02
-7.619372026859e-02
-7.612588791918e-02
-7.605814558496e-02
-7.599049310802e-02
-7.592293033080e-02
-7.585545709607e-02
-7.578807324695e-02
-7.572077862689e-02
-7.565357307967e-02
-7.558645644945e-02
-7.551942858067e-02
-7.545248931815e-02
-7.538563850702e-02
-7.531887599275e-02
-7.525220162117e-02
-7.518561523839e-02
-7.511911669090e-02
-7.505270582550e-02
-7.498638248932e-02
-7.492014652983e-02
-7.485399779480e-02
-7.478793613237e-02
-7.472196139098e-02
-7.465607341939e-02
-7.459027206671e-02
-7.452455718235e-02
-7.445892861606e-02
-7.439338621791e-02
-7.432792983828e-02
-7.426255932788e-02
-7.419727453775e-02
-7.413207531923e-02
-7.406696152399e-02
-7.400193300402e-02
-7.393698961161e-02
-7.387213119940e-02
-7.380735762031e-02
-7.374266872759e-02
-7.367806437480e-02
-7.361354441583e-02
-7.354910870485e-02
-7.348475709637e-02
-7.342048944521e-02
-7.335630560647e-02
-7.329220543558e-02
-7.322818878830e-02
-7.316425552065e-02
-7.310040548900e-02
-7.303663854999e-02
-7.297295456060e-02
-7.290935337809e-02
-7.284583486003e-02
-7.278239886429e-02
-7.271904524906e-02
-7.265577387281e-02
-7.259258459431e-02
-7.252947727265e-02
-7.246645176720e-02
-7.240350793764e-02
-7.234064564395e-02
-7.227786474638e-02
-7.221516510552e-02
-7.215254658221e-02
-7.209000903762e-02
-7.202755233320e-02
-7.196517633069e-02
-7.190288089212e-02
-7.184066587983e-02
-7.177853115643e-02
-7.171647658483e-02
-7.165450202823e-02
-7.159260735012e-02
-7.153079241428e-02
-7.146905708475e-02
-7.140740122591e-02
-7.134582470237e-02
-7.128432737907e-02
-7.122290912120e-02
-7.116156979425e-02
-7.110030926401e-02
-7.103912739651e-02
-7.097802405811e-02
-7.091699911541e-02
-7.085605243531e-02
-7.079518388499e-02
-7.073439333190e-02
-7.067368064379e-02
-7.061304568865e-02
-7.055248833479e-02
-7.049200845076e-02
-7.043160590541e-02
-7.037128056784e-02
-7.031103230746e-02
-7.025086099391e-02
-7.019076649714e-02
-7.013074868736e-02
-7.007080743503e-02
-7.001094261092e-02
-6.995115408604e-02
-6.989144173168e-02
-6.983180541940e-02
-6.977224502101e-02
-6.971276040863e-02
-6.965335145460e-02
-6.959401803155e-02
-6.953476001237e-02
-6.947557727022e-02
-6.941646967852e-02
-6.935743711094e-02
-6.929847944145e-02
-6.923959654425e-02
-6.918078829379e-02
-6.912205456483e-02
-6.906339523235e-02
-6.900481017159e-02
-6.894629925807e-02
-6.888786236756e-02
-6.882949937607e-02
-6.877121015991e-02
-6.871299459559e-02
-6.865485255993e-02
-6.859678392996e-02
-6.853878858300e-02
-6.848086639659e-02
-6.842301724856e-02
-6.836524101697e-02
-6.830753758013e-02
-6.824990681661e-02
-6.819234860523e-02
-6.813486282506e-02
-6.807744935542e-02
-6.802010807587e-02
-6.796283886623e-02
-6.790564160656e-02
-6.784851617719e-02
-6.779146245865e-02
-6.773448033176e-02
-6.767756967756e-02
-6.762073037735e-02
-6.756396231266e-02
-6.750726536528e-02
-6.745063941723e-02
-6.739408435077e-02
-6.733760004842e-02
-6.728118639292e-02
-6.722484326727e-02
-6.716857055468e-02
-6.711236813864e-02
-6.705623590286e-02
-6.700017373127e-02
-6.694418150806e-02
-6.688825911766e-02
-6.683240644471e-02
-6.677662337413e-02
-6.672090979102e-02
-6.666526558077e-02
-6.660969062896e-02
-6.655418482143e-02
-6.649874804425e-02
-6.644338018371e-02
-6.638808112634e-02
-6.633285075891e-02
-6.627768896840e-02
-6.622259564204e-02
-6.616757066728e-02
-6.611261393181e-02
-6.605772532352e-02
-6.600290473057e-02
-6.594815204131e-02
-6.589346714434e-02
-6.583884992848e-02
-6.578430028277e-02
-6.572981809649e-02
-6.567540325912e-02
-6.562105566040e-02
-6.556677519026e-02
-6.551256173886e-02
-6.545841519661e-02
-6.540433545411e-02
-6.535032240218e-02
-6.529637593190e-02
-6.524249593453e-02
-6.518868230156e-02
-6.513493492471e-02
-6.508125369592e-02
-6.502763850733e-02
-6.497408925132e-02
-6.492060582047e-02
-6.486718810758e-02
-6.481383600568e-02
-6.476054940800e-02
-6.470732820800e-02
-6.465417229933e-02
-6.460108157588e-02
-6.454805593174e-02
-6.449509526122e-02
-6.444219945884e-02
-6.438936841933e-02
-6.433660203764e-02
-6.428390020892e-02
-6.423126282854e-02
-6.417868979207e-02
-6.412618099530e-02
-6.407373633423e-02
-6.402135570505e-02
-6.396903900419e-02
-6.391678612825e-02
-6.386459697407e-02
-6.381247143868e-02
-6.376040941933e-02
-6.370841081345e-02
-6.365647551870e-02
-6.360460343293e-02
-6.355279445421e-02
-6.350104848079e-02
-6.344936541115e-02
-6.339774514396e-02
-6.334618757808e-02
-6.329469261260e-02
-6.324326014678e-02
-6.319189008011e-02
-6.314058231226e-02
-6.308933674311e-02
-6.303815327274e-02
-6.298703180142e-02
-6.293597222963e-02
-6.288497445803e-02
-6.283403838750e-02
-6.278316391911e-02
-6.273235095412e-02
-6.268159939399e-02
-6.263090914037e-02
-6.258028009512e-02
-6.252971216029e-02
-6.247920523811e-02
-6.242875923101e-02
-6.237837404163e-02
-6.232804957279e-02
-6.227778572750e-02
-6.222758240896e-02
-6.217743952058e-02
-6.212735696594e-02
-6.207733464882e-02
-6.202737247319e-02
-6.197747034320e-02
-6.192762816322e-02
-6.187784583777e-02
-6.182812327158e-02
-6.177846036957e-02
-6.172885703684e-02
-6.167931317868e-02
-6.162982870055e-02
-6.158040350814e-02
-6.153103750728e-02
-6.148173060401e-02
-6.143248270454e-02
-6.138329371528e-02
-6.133416354282e-02
-6.128509209393e-02
-6.123607927556e-02
-6.118712499485e-02
-6.113822915913e-02
-6.108939167588e-02
-6.104061245280e-02
-6.099189139775e-02
-6.094322841877e-02
-6.089462342410e-02
-6.084607632213e-02
-6.079758702145e-02
-6.074915543083e-02
-6.070078145921e-02
-6.065246501571e-02
-6.060420600962e-02
-6.055600435044e-02
-6.050785994779e-02
-6.045977271153e-02
-6.041174255165e-02
-6.036376937834e-02
-6.031585310195e-02
-6.026799363302e-02
-6.022019088225e-02
-6.017244476052e-02
-6.012475517889e-02
-6.007712204858e-02
-6.002954528100e-02
-5.998202478772e-02
-5.993456048049e-02
-5.988715227122e-02
-5.983980007200e-02
-5.979250379509e-02
-5.974526335292e-02
-5.969807865809e-02
-5.965094962338e-02
-5.960387616171e-02
-5.955685818621e-02
-5.950989561014e-02
-5.946298834695e-02
-5.941613631026e-02
-5.936933941384e-02
-5.932259757164e-02
-5.927591069778e-02
-5.922927870654e-02
-5.918270151236e-02
-5.913617902986e-02
-5.908971117381e-02
-5.904329785915e-02
-5.899693900100e-02
-5.895063451461e-02
-5.890438431543e-02
-5.885818831904e-02
-5.881204644122e-02
-5.876595859789e-02
-5.871992470512e-02
-5.867394467916e-02
-5.862801843642e-02
-5.858214589348e-02
-5.853632696705e-02
-5.849056157404e-02
-5.844484963148e-02
-5.839919105658e-02
-5.835358576673e-02
-5.830803367943e-02
-5.826253471238e-02
-5.821708878343e-02
-5.817169581056e-02
-5.812635571195e-02
-5.808106840590e-02
-5.803583381089e-02
-5.799065184555e-02
-5.794552242866e-02
-5.790044547916e-02
-5.785542091615e-02
-5.781044865888e-02
-5.776552862675e-02
-5.772066073932e-02
-5.767584491630e-02
-5.763108107756e-02
-5.758636914312e-02
-5.754170903315e-02
-5.749710066797e-02
-5.745254396807e-02
-5.740803885407e-02
-5.736358524674e-02
-5.731918306703e-02
-5.727483223601e-02
-5.723053267491e-02
-5.718628430512e-02
-5.714208704816e-02
-5.709794082572e-02
-5.705384555963e-02
-5.700980117186e-02
-5.696580758455e-02
-5.692186471996e-02
-5.687797250053e-02
-5.683413084881e-02
-5.679033968753e-02
-5.674659893955e-02
-5.670290852788e-02
-5.665926837567e-02
-5.661567840623e-02
-5.657213854300e-02
-5.652864870958e-02
-5.648520882970e-02
-5.644181882725e-02
-5.639847862624e-02
-5.635518815084e-02
-5.631194732538e-02
-5.626875607430e-02
-5.622561432220e-02
-5.618252199382e-02
-5.613947901404e-02
-5.609648530789e-02
-5.605354080054e-02
-5.601064541728e-02
-5.596779908358e-02
-5.592500172501e-02
-5.588225326730e-02
-5.583955363632e-02
-5.579690275809e-02
-5.575430055874e-02
-5.571174696456e-02
-5.566924190198e-02
-5.562678529757e-02
-5.558437707801e-02
-5.554201717015e-02
-5.549970550097e-02
-5.545744199758e-02
-5.541522658723e-02
-5.537305919730e-02
-5.533093975533e-02
-5.528886818895e-02
-5.524684442598e-02
-5.520486839434e-02
-5.516294002210e-02
-5.512105923744e-02
-5.507922596872e-02
-5.503744014438e-02
-5.499570169305e-02
-5.495401054344e-02
-5.491236662443e-02
-5.487076986502e-02
-5.482922019433e-02
-5.478771754165e-02
-5.474626183636e-02
-5.470485300800e-02
-5.466349098622e-02
-5.462217570081e-02
-5.458090708170e-02
-5.453968505895e-02
-5.449850956273e-02
-5.445738052336e-02
-5.441629787128e-02
-5.437526153707e-02
-5.433427145142e-02
-5.429332754517e-02
-5.425242974927e-02
-5.421157799481e-02
-5.417077221301e-02
-5.413001233521e-02
-5.408929829288e-02
-5.404863001761e-02
-5.400800744114e-02
-5.396743049530e-02
-5.392689911209e-02
-5.388641322359e-02
-5.384597276205e-02
-5.380557765981e-02
-5.376522784935e-02
-5.372492326327e-02
-5.368466383432e-02
-5.364444949533e-02
-5.360428017928e-02
-5.356415581928e-02
-5.352407634856e-02
-5.348404170045e-02
-5.344405180842e-02
-5.340410660608e-02
-5.336420602714e-02
-5.332435000543e-02
-5.328453847492e-02
-5.324477136969e-02
-5.320504862393e-02
-5.316537017198e-02
-5.312573594827e-02
-5.308614588738e-02
-5.304659992398e-02
-5.300709799289e-02
-5.296764002903e-02
-5.292822596745e-02
-5.288885574330e-02
-5.284952929187e-02
-5.281024654857e-02
-5.277100744891e-02
-5.273181192853e-02
-5.269265992320e-02
-5.265355136877e-02
-5.261448620126e-02
-5.257546435675e-02
-5.253648577148e-02
-5.249755038180e-02
-5.245865812416e-02
-5.241980893513e-02
-5.238100275141e-02
-5.234223950980e-02
-5.230351914723e-02
-5.226484160073e-02
-5.222620680746e-02
-5.218761470468e-02
-5.214906522977e-02
-5.211055832023e-02
-5.207209391366e-02
-5.203367194780e-02
-5.199529236047e-02
-5.195695508963e-02
-5.191866007334e-02
-5.188040724977e-02
-5.184219655721e-02
-5.180402793406e-02
-5.176590131884e-02
-5.172781665016e-02
-5.168977386676e-02
-5.165177290749e-02
-5.161381371130e-02
-5.157589621727e-02
-5.153802036456e-02
-5.150018609248e-02
-5.146239334041e-02
-5.142464204787e-02
-5.138693215447e-02
-5.134926359994e-02
-5.131163632413e-02
-5.127405026696e-02
-5.123650536850e-02
-5.119900156891e-02
-5.116153880846e-02
-5.112411702753e-02
-5.108673616660e-02
-5.104939616627e-02
-5.101209696724e-02
-5.097483851031e-02
-5.093762073641e-02
-5.090044358654e-02
-5.086330700184e-02
-5.082621092355e-02
-5.078915529299e-02
-5.075214005162e-02
-5.071516514099e-02
-5.067823050275e-02
-5.064133607865e-02
-5.060448181058e-02
-5.056766764049e-02
-5.053089351046e-02
-5.049415936267e-02
-5.045746513939e-02
-5.042081078302e-02
-5.038419623604e-02
-5.034762144105e-02
-5.031108634073e-02
-5.027459087789e-02
-5.023813499543e-02
-5.020171863635e-02
-5.016534174374e-02
-5.012900426083e-02
-5.009270613091e-02
-5.005644729740e-02
-5.002022770380e-02
-4.998404729373e-02
-4.994790601090e-02
-4.991180379912e-02
-4.987574060230e-02
-4.983971636446e-02
-4.980373102972e-02
-4.976778454227e-02
-4.973187684644e-02
-4.969600788663e-02
-4.966017760736e-02
-4.962438595323e-02
-4.958863286896e-02
-4.955291829935e-02
-4.951724218930e-02
-4.948160448382e-02
-4.944600512800e-02
-4.941044406705e-02
-4.937492124626e-02
-4.933943661102e-02
-4.930399010683e-02
-4.926858167926e-02
-4.923321127400e-02
-4.919787883683e-02
-4.916258431363e-02
-4.912732765037e-02
-4.909210879311e-02
-4.905692768801e-02
-4.902178428134e-02
-4.898667851945e-02
-4.895161034878e-02
-4.891657971588e-02
-4.888158656739e-02
-4.884663085003e-02
-4.881171251063e-02
-4.877683149612e-02
-4.874198775350e-02
-4.870718122989e-02
-4.867241187248e-02
-4.863767962856e-02
-4.860298444553e-02
-4.856832627087e-02
-4.853370505213e-02
-4.849912073700e-02
-4.846457327322e-02
-4.843006260864e-02
-4.839558869121e-02
-4.836115146895e-02
-4.832675089000e-02
-4.829238690255e-02
-4.825805945493e-02
-4.822376849552e-02
-4.818951397281e-02
-4.815529583538e-02
-4.812111403190e-02
-4.808696851112e-02
-4.805285922190e-02
-4.801878611316e-02
-4.798474913394e-02
-4.795074823336e-02
-4.791678336061e-02
-4.788285446500e-02
-4.784896149590e-02
-4.781510440279e-02
-4.778128313523e-02
-4.774749764286e-02
-4.771374787543e-02
-4.768003378275e-02
-4.764635531474e-02
-4.761271242140e-02
-4.757910505281e-02
-4.754553315915e-02
-4.751199669068e-02
-4.747849559774e-02
-4.744502983078e-02
-4.741159934030e-02
-4.737820407693e-02
-4.734484399134e-02
-4.731151903432e-02
-4.727822915673e-02
-4.724497430952e-02
-4.721175444373e-02
-4.717856951048e-02
-4.714541946097e-02
-4.711230424649e-02
-4.707922381842e-02
-4.704617812822e-02
-4.701316712742e-02
-4.698019076766e-02
-4.694724900065e-02
-4.691434177818e-02
-4.688146905213e-02
-4.684863077447e-02
-4.681582689723e-02
-4.678305737255e-02
-4.675032215264e-02
-4.671762118979e-02
-4.668495443638e-02
-4.665232184487e-02
-4.661972336779e-02
-4.658715895778e-02
-4.655462856753e-02
-4.652213214984e-02
-4.648966965756e-02
-4.645724104366e-02
-4.642484626115e-02
-4.639248526316e-02
-4.636015800287e-02
-4.632786443357e-02
-4.629560450859e-02
-4.626337818138e-02
-4.623118540545e-02
-4.619902613440e-02
-4.616690032189e-02
-4.613480792169e-02
-4.610274888762e-02
-4.607072317361e-02
-4.603873073363e-02
-4.600677152177e-02
-4.597484549217e-02
-4.594295259906e-02
-4.591109279675e-02
-4.587926603962e-02
-4.584747228214e-02
-4.581571147885e-02
-4.578398358437e-02
-4.575228855340e-02
-4.572062634070e-02
-4.568899690115e-02
-4.565740018966e-02
-4.562583616124e-02
-4.559430477098e-02
-4.556280597404e-02
-4.553133972565e-02
-4.549990598114e-02
-4.546850469588e-02
-4.543713582534e-02
-4.540579932508e-02
-4.537449515070e-02
-4.534322325791e-02
-4.531198360247e-02
-4.528077614022e-02
-4.524960082709e-02
-4.521845761908e-02
-4.518734647224e-02
-4.515626734274e-02
-4.512522018679e-02
-4.509420496068e-02
-4.506322162078e-02
-4.503227012353e-02
-4.500135042546e-02
-4.497046248316e-02
-4.493960625328e-02
-4.490878169257e-02
-4.487798875783e-02
-4.484722740597e-02
-4.481649759392e-02
-4.478579927872e-02
-4.475513241749e-02
-4.472449696739e-02
-4.469389288567e-02
-4.466332012966e-02
-4.463277865675e-02
-4.460226842440e-02
-4.457178939016e-02
-4.454134151163e-02
-4.451092474650e-02
-4.448053905252e-02
-4.445018438751e-02
-4.441986070937e-02
-4.438956797607e-02
-4.435930614565e-02
-4.432907517621e-02
-4.429887502593e-02
-4.426870565306e-02
-4.423856701593e-02
-4.420845907292e-02
-4.417838178250e-02
-4.414833510320e-02
-4.411831899361e-02
-4.408833341241e-02
-4.405837831834e-02
-4.402845367020e-02
-4.399855942688e-02
-4.396869554732e-02
-4.393886199054e-02
-4.390905871562e-02
-4.387928568173e-02
-4.384954284807e-02
-4.381983017395e-02
-4.379014761872e-02
-4.376049514182e-02
-4.373087270273e-02
-4.370128026101e-02
-4.367171777631e-02
-4.364218520833e-02
-4.361268251681e-02
-4.358320966161e-02
-4.355376660263e-02
-4.352435329982e-02
-4.349496971323e-02
-4.346561580295e-02
-4.343629152916e-02
-4.340699685209e-02
-4.337773173205e-02
-4.334849612940e-02
-4.331929000457e-02
-4.329011331807e-02
-4.326096603046e-02
-4.323184810238e-02
-4.320275949451e-02
-4.317370016763e-02
-4.314467008256e-02
-4.311566920020e-02
-4.308669748150e-02
-4.305775488749e-02
-4.302884137926e-02
-4.299995691795e-02
-4.297110146479e-02
-4.294227498106e-02
-4.291347742811e-02
-4.288470876734e-02
-4.285596896024e-02
-4.282725796833e-02
-4.279857575323e-02
-4.276992227660e-02
-4.274129750016e-02
-4.271270138572e-02
-4.268413389513e-02
-4.265559499031e-02
-4.262708463324e-02
-4.259860278597e-02
-4.257014941061e-02
-4.254172446932e-02
-4.251332792435e-02
-4.248495973798e-02
-4.245661987258e-02
-4.242830829058e-02
-4.240002495444e-02
-4.237176982672e-02
-4.234354287002e-02
-4.231534404702e-02
-4.228717332044e-02
-4.225903065307e-02
-4.223091600777e-02
-4.220282934745e-02
-4.217477063509e-02
-4.214673983372e-02
-4.211873690644e-02
-4.209076181641e-02
-4.206281452685e-02
-4.203489500104e-02
-4.200700320231e-02
-4.197913909406e-02
-4.195130263976e-02
-4.192349380293e-02
-4.189571254714e-02
-4.186795883603e-02
-4.184023263332e-02
-4.181253390274e-02
-4.178486260813e-02
-4.175721871335e-02
-4.172960218236e-02
-4.170201297913e-02
-4.167445106774e-02
-4.164691641228e-02
-4.161940897694e-02
-4.159192872595e-02
-4.156447562359e-02
-4.153704963422e-02
-4.150965072224e-02
-4.148227885211e-02
-4.145493398836e-02
-4.142761609557e-02
-4.140032513838e-02
-4.137306108148e-02
-4.134582388963e-02
-4.131861352764e-02
-4.129142996038e-02
-4.126427315277e-02
-4.123714306981e-02
-4.121003967652e-02
-4.118296293801e-02
-4.115591281942e-02
-4.112888928598e-02
-4.110189230295e-02
-4.107492183565e-02
-4.104797784947e-02
-4.102106030983e-02
-4.099416918224e-02
-4.096730443224e-02
-4.094046602544e-02
-4.091365392749e-02
-4.088686810412e-02
-4.086010852110e-02
-4.083337514425e-02
-4.080666793946e-02
-4.077998687267e-02
-4.075333190986e-02
-4.072670301710e-02
-4.070010016048e-02
-4.067352330616e-02
-4.064697242035e-02
-4.062044746933e-02
-4.059394841941e-02
-4.056747523697e-02
-4.054102788845e-02
-4.051460634033e-02
-4.048821055915e-02
-4.046184051151e-02
-4.043549616404e-02
-4.040917748346e-02
-4.038288443652e-02
-4.035661699002e-02
-4.033037511084e-02
-4.030415876589e-02
-4.027796792213e-02
-4.025180254659e-02
-4.022566260634e-02
-4.019954806852e-02
-4.017345890030e-02
-4.014739506892e-02
-4.012135654167e-02
-4.009534328588e-02
-4.006935526896e-02
-4.004339245833e-02
-4.001745482151e-02
-3.999154232604e-02
-3.996565493951e-02
-3.993979262960e-02
-3.991395536399e-02
-3.988814311044e-02
-3.986235583677e-02
-3.983659351084e-02
-3.981085610055e-02
-3.978514357388e-02
-3.975945589882e-02
-3.973379304346e-02
-3.970815497591e-02
-3.968254166433e-02
-3.965695307694e-02
-3.963138918202e-02
-3.960584994788e-02
-3.958033534290e-02
-3.955484533549e-02
-3.952937989413e-02
-3.950393898734e-02
-3.947852258370e-02
-3.945313065181e-02
-3.942776316037e-02
-3.940242007809e-02
-3.937710137374e-02
-3.935180701615e-02
-3.932653697418e-02
-3.930129121676e-02
-3.927606971287e-02
-3.925087243151e-02
-3.922569934176e-02
-3.920055041275e-02
-3.917542561363e-02
-3.915032491362e-02
-3.912524828199e-02
-3.910019568806e-02
-3.907516710118e-02
-3.905016249078e-02
-3.902518182630e-02
-3.900022507727e-02
-3.897529221323e-02
-3.895038320379e-02
-3.892549801862e-02
-3.890063662740e-02
-3.887579899989e-02
-3.885098510588e-02
-3.882619491523e-02
-3.880142839783e-02
-3.877668552361e-02
-3.875196626257e-02
-3.872727058474e-02
-3.870259846020e-02
-3.867794985910e-02
-3.865332475159e-02
-3.862872310792e-02
-3.860414489834e-02
-3.857959009319e-02
-3.855505866282e-02
-3.853055057765e-02
-3.850606580814e-02
-3.848160432479e-02
-3.845716609816e-02
-3.843275109884e-02
-3.840835929749e-02
-3.838399066478e-02
-3.835964517146e-02
-3.833532278831e-02
-3.831102348616e-02
-3.828674723589e-02
-3.826249400842e-02
-3.823826377470e-02
-3.821405650577e-02
-3.818987217267e-02
-3.816571074650e-02
-3.814157219842e-02
-3.811745649962e-02
-3.809336362134e-02
-3.806929353486e-02
-3.804524621151e-02
-3.802122162267e-02
-3.799721973975e-02
-3.797324053422e-02
-3.794928397759e-02
-3.792535004141e-02
-3.790143869728e-02
-3.787754991684e-02
-3.785368367177e-02
-3.782983993381e-02
-3.780601867473e-02
-3.778221986635e-02
-3.775844348054e-02
-3.773468948919e-02
-3.771095786427e-02
-3.768724857776e-02
-3.766356160171e-02
-3.763989690819e-02
-3.761625446933e-02
-3.759263425730e-02
-3.756903624431e-02
-3.754546040262e-02
-3.752190670452e-02
-3.749837512236e-02
-3.747486562853e-02
-3.745137819544e-02
-3.742791279557e-02
-3.740446940144e-02
-3.738104798560e-02
-3.735764852064e-02
-3.733427097922e-02
-3.731091533401e-02
-3.728758155774e-02
-3.726426962318e-02
-3.724097950313e-02
-3.721771117047e-02
-3.719446459806e-02
-3.717123975887e-02
-3.714803662585e-02
-3.712485517205e-02
-3.710169537051e-02
-3.707855719434e-02
-3.705544061669e-02
-3.703234561074e-02
-3.700927214973e-02
-3.698622020693e-02
-3.696318975564e-02
-3.694018076923e-02
-3.691719322107e-02
-3.689422708462e-02
-3.687128233334e-02
-3.684835894076e-02
-3.682545688042e-02
-3.680257612594e-02
-3.677971665095e-02
-3.675687842912e-02
-3.673406143419e-02
-3.671126563991e-02
-3.668849102009e-02
-3.666573754856e-02
-3.664300519920e-02
-3.662029394595e-02
-3.659760376277e-02
-3.657493462365e-02
-3.655228650264e-02
-3.652965937382e-02
-3.650705321131e-02
-3.648446798928e-02
-3.646190368193e-02
-3.643936026350e-02
-3.641683770827e-02
-3.639433599056e-02
-3.637185508473e-02
-3.634939496518e-02
-3.632695560635e-02
-3.630453698272e-02
-3.628213906880e-02
-3.625976183914e-02
-3.623740526835e-02
-3.621506933106e-02
-3.619275400193e-02
-3.617045925569e-02
-3.614818506707e-02
-3.612593141088e-02
-3.610369826193e-02
-3.608148559508e-02
-3.605929338526e-02
-3.603712160739e-02
-3.601497023645e-02
-3.599283924748e-02
-3.597072861551e-02
-3.594863831565e-02
-3.592656832303e-02
-3.590451861282e-02
-3.588248916022e-02
-3.586047994049e-02
-3.583849092891e-02
-3.581652210080e-02
-3.579457343152e-02
-3.577264489646e-02
-3.575073647107e-02
-3.572884813080e-02
-3.570697985117e-02
-3.568513160773e-02
-3.566330337605e-02
-3.564149513176e-02
-3.561970685052e-02
-3.559793850802e-02
-3.557619007998e-02
-3.555446154219e-02
-3.553275287043e-02
-3.551106404056e-02
-3.548939502845e-02
-3.546774581002e-02
-3.544611636121e-02
-3.542450665801e-02
-3.540291667645e-02
-3.538134639259e-02
-3.535979578252e-02
-3.533826482238e-02
-3.531675348833e-02
-3.529526175658e-02
-3.527378960336e-02
-3.525233700496e-02
-3.523090393769e-02
-3.520949037789e-02
-3.518809630195e-02
-3.516672168628e-02
-3.514536650735e-02
-3.512403074164e-02
-3.510271436567e-02
-3.508141735602e-02
-3.506013968926e-02
-3.503888134205e-02
-3.501764229104e-02
-3.499642251293e-02
-3.497522198446e-02
-3.495404068241e-02
-3.493287858358e-02
-3.491173566481e-02
-3.489061190298e-02
-3.486950727500e-02
-3.484842175782e-02
-3.482735532841e-02
-3.480630796380e-02
-3.478527964102e-02
-3.476427033718e-02
-3.474328002938e-02
-3.472230869477e-02
-3.470135631055e-02
-3.468042285394e-02
-3.465950830219e-02
-3.463861263259e-02
-3.461773582246e-02
-3.459687784916e-02
-3.457603869009e-02
-3.455521832266e-02
-3.453441672434e-02
-3.451363387263e-02
-3.449286974503e-02
-3.447212431912e-02
-3.445139757249e-02
-3.443068948277e-02
-3.441000002761e-02
-3.438932918471e-02
-3.436867693180e-02
-3.434804324663e-02
-3.432742810700e-02
-3.430683149074e-02
-3.428625337571e-02
-3.426569373979e-02
-3.424515256091e-02
-3.422462981703e-02
-3.420412548615e-02
-3.418363954628e-02
-3.416317197549e-02
-3.414272275185e-02
-3.412229185350e-02
-3.410187925858e-02
-3.408148494529e-02
-3.406110889184e-02
-3.404075107649e-02
-3.402041147751e-02
-3.400009007323e-02
-3.397978684198e-02
-3.395950176216e-02
-3.393923481218e-02
-3.391898597047e-02
-3.389875521551e-02
-3.387854252582e-02
-3.385834787993e-02
-3.383817125642e-02
-3.381801263388e-02
-3.379787199096e-02
-3.377774930631e-02
-3.375764455865e-02
-3.373755772669e-02
-3.371748878920e-02
-3.369743772497e-02
-3.367740451283e-02
-3.365738913163e-02
-3.363739156025e-02
-3.361741177762e-02
-3.359744976269e-02
-3.357750549442e-02
-3.355757895184e-02
-3.353767011399e-02
-3.351777895993e-02
-3.349790546878e-02
-3.347804961966e-02
-3.345821139174e-02
-3.343839076422e-02
-3.341858771632e-02
-3.339880222731e-02
-3.337903427646e-02
-3.335928384309e-02
-3.333955090656e-02
-3.331983544623e-02
-3.330013744153e-02
-3.328045687189e-02
-3.326079371678e-02
-3.324114795569e-02
-3.322151956817e-02
-3.320190853376e-02
-3.318231483206e-02
-3.316273844268e-02
-3.314317934528e-02
-3.312363751953e-02
-3.310411294515e-02
-3.308460560187e-02
-3.306511546947e-02
-3.304564252773e-02
-3.302618675648e-02
-3.300674813559e-02
-3.298732664494e-02
-3.296792226445e-02
-3.294853497405e-02
-3.292916475374e-02
-3.290981158350e-02
-3.289047544337e-02
-3.287115631342e-02
-3.285185417373e-02
-3.283256900443e-02
-3.281330078567e-02
-3.279404949761e-02
-3.277481512048e-02
-3.275559763451e-02
-3.273639701996e-02
-3.271721325712e-02
-3.269804632632e-02
-3.267889620791e-02
-3.265976288226e-02
-3.264064632980e-02
-3.262154653094e-02
-3.260246346616e-02
-3.258339711596e-02
-3.256434746084e-02
-3.254531448137e-02
-3.252629815812e-02
-3.250729847169e-02
-3.248831540273e-02
-3.246934893189e-02
-3.245039903987e-02
-3.243146570738e-02
-3.241254891518e-02
-3.239364864403e-02
-3.237476487474e-02
-3.235589758813e-02
-3.233704676508e-02
-3.231821238646e-02
-3.229939443318e-02
-3.228059288619e-02
-3.226180772646e-02
-3.224303893498e-02
-3.222428649277e-02
-3.220555038089e-02
-3.218683058042e-02
-3.216812707246e-02
-3.214943983815e-02
-3.213076885864e-02
-3.211211411512e-02
-3.209347558882e-02
-3.207485326096e-02
-3.205624711281e-02
-3.203765712569e-02
-3.201908328090e-02
-3.200052555979e-02
-3.198198394375e-02
-3.196345841418e-02
-3.194494895251e-02
-3.192645554019e-02
-3.190797815870e-02
-3.188951678957e-02
-3.187107141432e-02
-3.185264201451e-02
-3.183422857175e-02
-3.181583106764e-02
-3.179744948383e-02
-3.177908380198e-02
-3.176073400380e-02
-3.174240007100e-02
-3.172408198533e-02
-3.170577972857e-02
-3.168749328252e-02
-3.166922262899e-02
-3.165096774986e-02
-3.163272862698e-02
-3.161450524228e-02
-3.159629757767e-02
-3.157810561511e-02
-3.155992933660e-02
-3.154176872412e-02
-3.152362375973e-02
-3.150549442547e-02
-3.148738070343e-02
-3.146928257572e-02
-3.145120002449e-02
-3.143313303188e-02
-3.141508158009e-02
-3.139704565132e-02
-3.137902522783e-02
-3.136102029186e-02
-3.134303082572e-02
-3.132505681170e-02
-3.130709823216e-02
-3.128915506945e-02
-3.127122730597e-02
-3.125331492413e-02
-3.123541790636e-02
-3.121753623514e-02
-3.119966989295e-02
-3.118181886231e-02
-3.116398312575e-02
-3.114616266584e-02
-3.112835746517e-02
-3.111056750635e-02
-3.109279277202e-02
-3.107503324484e-02
-3.105728890751e-02
-3.103955974272e-02
-3.102184573323e-02
-3.100414686178e-02
-3.098646311117e-02
-3.096879446421e-02
-3.095114090372e-02
-3.093350241258e-02
-3.091587897365e-02
-3.089827056986e-02
-3.088067718412e-02
-3.086309879940e-02
-3.084553539867e-02
-3.082798696494e-02
-3.081045348124e-02
-3.079293493062e-02
-3.077543129615e-02
-3.075794256094e-02
-3.074046870810e-02
-3.072300972079e-02
-3.070556558217e-02
-3.068813627544e-02
-3.067072178383e-02
-3.065332209057e-02
-3.063593717892e-02
-3.061856703218e-02
-3.060121163366e-02
-3.058387096670e-02
-3.056654501466e-02
-3.054923376092e-02
-3.053193718888e-02
-3.051465528199e-02
-3.049738802368e-02
-3.048013539745e-02
-3.046289738678e-02
-3.044567397521e-02
-3.042846514628e-02
-3.041127088355e-02
-3.039409117063e-02
-3.037692599112e-02
-3.035977532867e-02
-3.034263916694e-02
-3.032551748961e-02
-3.030841028039e-02
-3.029131752302e-02
-3.027423920123e-02
-3.025717529882e-02
-3.024012579957e-02
-3.022309068732e-02
-3.020606994590e-02
-3.018906355918e-02
-3.017207151105e-02
-3.015509378543e-02
-3.013813036624e-02
-3.012118123745e-02
-3.010424638303e-02
-3.008732578699e-02
-3.007041943334e-02
-3.005352730614e-02
-3.003664938946e-02
-3.001978566738e-02
-3.000293612402e-02
-2.998610074352e-02
-2.996927951002e-02
-2.995247240772e-02
-2.993567942081e-02
-2.991890053352e-02
-2.990213573009e-02
-2.988538499479e-02
-2.986864831191e-02
-2.985192566576e-02
-2.983521704068e-02
-2.981852242101e-02
-2.980184179114e-02
-2.978517513547e-02
-2.976852243841e-02
-2.975188368441e-02
-2.973525885793e-02
-2.971864794345e-02
-2.970205092549e-02
-2.968546778857e-02
-2.966889851724e-02
-2.965234309607e-02
-2.963580150966e-02
-2.961927374262e-02
-2.960275977958e-02
-2.958625960520e-02
-2.956977320416e-02
-2.955330056115e-02
-2.953684166091e-02
-2.952039648816e-02
-2.950396502768e-02
-2.948754726424e-02
-2.947114318265e-02
-2.945475276774e-02
-2.943837600436e-02
-2.942201287736e-02
-2.940566337165e-02
-2.938932747212e-02
-2.937300516371e-02
-2.935669643138e-02
-2.934040126009e-02
-2.932411963483e-02
-2.930785154062e-02
-2.929159696250e-02
-2.927535588552e-02
-2.925912829474e-02
-2.924291417528e-02
-2.922671351225e-02
-2.921052629078e-02
-2.919435249603e-02
-2.917819211318e-02
-2.916204512742e-02
-2.914591152398e-02
-2.912979128810e-02
-2.911368440503e-02
-2.909759086006e-02
-2.908151063848e-02
-2.906544372561e-02
-2.904939010680e-02
-2.903334976741e-02
-2.901732269281e-02
-2.900130886840e-02
-2.898530827961e-02
-2.896932091189e-02
-2.895334675067e-02
-2.893738578146e-02
-2.892143798975e-02
-2.890550336106e-02
-2.888958188092e-02
-2.887367353491e-02
-2.885777830860e-02
-2.884189618759e-02
-2.882602715749e-02
-2.881017120395e-02
-2.879432831263e-02
-2.877849846921e-02
-2.876268165938e-02
-2.874687786885e-02
-2.873108708338e-02
-2.871530928870e-02
-2.869954447061e-02
-2.868379261489e-02
-2.866805370736e-02
-2.865232773385e-02
-2.863661468022e-02
-2.862091453234e-02
-2.860522727610e-02
-2.858955289741e-02
-2.857389138220e-02
-2.855824271643e-02
-2.854260688605e-02
-2.852698387707e-02
-2.851137367548e-02
-2.849577626732e-02
-2.848019163862e-02
-2.846461977545e-02
-2.844906066389e-02
-2.843351429005e-02
-2.841798064004e-02
-2.840245970001e-02
-2.838695145612e-02
-2.837145589454e-02
-2.835597300146e-02
-2.834050276310e-02
-2.832504516571e-02
-2.830960019551e-02
-2.829416783880e-02
-2.827874808186e-02
-2.826334091099e-02
-2.824794631252e-02
-2.823256427280e-02
-2.821719477819e-02
-2.820183781508e-02
-2.818649336986e-02
-2.817116142895e-02
-2.815584197879e-02
-2.814053500584e-02
-2.812524049657e-02
-2.810995843747e-02
-2.809468881505e-02
-2.807943161584e-02
-2.806418682639e-02
-2.804895443326e-02
-2.803373442305e-02
-2.801852678233e-02
-2.800333149775e-02
-2.798814855593e-02
-2.797297794353e-02
-2.795781964722e-02
-2.794267365370e-02
-2.792753994968e-02
-2.791241852188e-02
-2.789730935704e-02
-2.788221244194e-02
-2.786712776335e-02
-2.785205530806e-02
-2.783699506291e-02
-2.782194701471e-02
-2.780691115033e-02
-2.779188745664e-02
-2.777687592051e-02
-2.776187652885e-02
-2.774688926860e-02
-2.773191412668e-02
-2.771695109005e-02
-2.770200014570e-02
-2.768706128061e-02
-2.767213448179e-02
-2.765721973627e-02
-2.764231703110e-02
-2.762742635333e-02
-2.761254769005e-02
-2.759768102836e-02
-2.758282635536e-02
-2.756798365819e-02
-2.755315292400e-02
-2.753833413995e-02
-2.752352729323e-02
-2.750873237104e-02
-2.749394936059e-02
-2.747917824913e-02
-2.746441902389e-02
-2.744967167215e-02
-2.743493618120e-02
-2.742021253833e-02
-2.740550073087e-02
-2.739080074615e-02
-2.737611257153e-02
-2.736143619438e-02
-2.734677160207e-02
-2.733211878203e-02
-2.731747772167e-02
-2.730284840842e-02
-2.728823082973e-02
-2.727362497310e-02
-2.725903082598e-02
-2.724444837590e-02
-2.722987761038e-02
-2.721531851694e-02
-2.720077108315e-02
-2.718623529658e-02
-2.717171114481e-02
-2.715719861544e-02
-2.714269769610e-02
-2.712820837443e-02
-2.711373063807e-02
-2.709926447469e-02
-2.708480987199e-02
-2.707036681766e-02
-2.705593529942e-02
-2.704151530501e-02
-2.702710682218e-02
-2.701270983869e-02
-2.699832434233e-02
-2.698395032090e-02
-2.696958776221e-02
-2.695523665410e-02
-2.694089698441e-02
-2.692656874101e-02
-2.691225191178e-02
-2.689794648461e-02
-2.688365244742e-02
-2.686936978813e-02
-2.685509849470e-02
-2.684083855507e-02
-2.682658995723e-02
-2.681235268917e-02
-2.679812673889e-02
-2.678391209443e-02
-2.676970874381e-02
-2.675551667509e-02
-2.674133587636e-02
-2.672716633568e-02
-2.671300804117e-02
-2.669886098093e-02
-2.668472514312e-02
-2.667060051587e-02
-2.665648708736e-02
-2.664238484575e-02
-2.662829377925e-02
-2.661421387607e-02
-2.660014512444e-02
-2.658608751260e-02
-2.657204102881e-02
-2.655800566133e-02
-2.654398139847e-02
-2.652996822853e-02
-2.651596613982e-02
-2.650197512067e-02
-2.648799515945e-02
-2.647402624452e-02
-2.646006836425e-02
-2.644612150705e-02
-2.643218566133e-02
-2.641826081550e-02
-2.640434695802e-02
-2.639044407734e-02
-2.637655216194e-02
-2.636267120030e-02
-2.634880118092e-02
-2.633494209232e-02
-2.632109392303e-02
-2.630725666161e-02
-2.629343029660e-02
-2.627961481660e-02
-2.626581021020e-02
-2.625201646599e-02
-2.623823357260e-02
-2.622446151868e-02
-2.621070029287e-02
-2.619694988383e-02
-2.618321028026e-02
-2.616948147084e-02
-2.615576344429e-02
-2.614205618933e-02
-2.612835969471e-02
-2.611467394917e-02
-2.610099894150e-02
-2.608733466046e-02
-2.607368109487e-02
-2.606003823354e-02
-2.604640606529e-02
-2.603278457897e-02
-2.601917376343e-02
-2.600557360755e-02
-2.599198410021e-02
-2.597840523032e-02
-2.596483698678e-02
-2.595127935853e-02
-2.593773233452e-02
-2.592419590369e-02
-2.591067005503e-02
-2.589715477752e-02
-2.588365006017e-02
-2.587015589198e-02
-2.585667226198e-02
-2.584319915923e-02
-2.582973657278e-02
-2.581628449171e-02
-2.580284290509e-02
-2.578941180203e-02
-2.577599117165e-02
-2.576258100307e-02
-2.574918128544e-02
-2.573579200791e-02
-2.572241315966e-02
-2.570904472987e-02
-2.569568670774e-02
-2.568233908249e-02
-2.566900184333e-02
-2.565567497952e-02
-2.564235848030e-02
-2.562905233495e-02
-2.561575653275e-02
-2.560247106300e-02
-2.558919591499e-02
-2.557593107807e-02
-2.556267654157e-02
-2.554943229484e-02
-2.553619832724e-02
-2.552297462815e-02
-2.550976118698e-02
-2.549655799311e-02
-2.548336503599e-02
-2.547018230502e-02
-2.545700978968e-02
-2.544384747941e-02
-2.543069536369e-02
-2.541755343201e-02
-2.540442167387e-02
-2.539130007879e-02
-2.537818863629e-02
-2.536508733592e-02
-2.535199616723e-02
-2.533891511979e-02
-2.532584418319e-02
-2.531278334701e-02
-2.529973260087e-02
-2.528669193440e-02
-2.527366133722e-02
-2.526064079899e-02
-2.524763030936e-02
-2.523462985802e-02
-2.522163943466e-02
-2.520865902897e-02
-2.519568863066e-02
-2.518272822948e-02
-2.516977781516e-02
-2.515683737745e-02
-2.514390690612e-02
-2.513098639096e-02
-2.511807582176e-02
-2.510517518832e-02
-2.509228448046e-02
-2.507940368803e-02
-2.506653280085e-02
-2.505367180881e-02
-2.504082070175e-02
-2.502797946958e-02
-2.501514810218e-02
-2.500232658948e-02
-2.498951492139e-02
-2.497671308784e-02
-2.496392107880e-02
-2.495113888421e-02
-2.493836649406e-02
-2.492560389834e-02
-2.491285108704e-02
-2.490010805017e-02
-2.488737477777e-02
-2.487465125987e-02
-2.486193748653e-02
-2.484923344780e-02
-2.483653913377e-02
-2.482385453451e-02
-2.481117964015e-02
-2.479851444078e-02
-2.478585892654e-02
-2.477321308757e-02
-2.476057691402e-02
-2.474795039604e-02
-2.473533352383e-02
-2.472272628757e-02
-2.471012867746e-02
-2.469754068371e-02
-2.468496229656e-02
-2.467239350624e-02
-2.465983430301e-02
-2.464728467712e-02
-2.463474461886e-02
-2.462221411851e-02
-2.460969316637e-02
-2.459718175276e-02
-2.458467986801e-02
-2.457218750244e-02
-2.455970464642e-02
-2.454723129029e-02
-2.453476742445e-02
-2.452231303926e-02
-2.450986812514e-02
-2.449743267250e-02
-2.448500667174e-02
-2.447259011332e-02
-2.446018298768e-02
-2.444778528528e-02
-2.443539699658e-02
-2.442301811207e-02
-2.441064862226e-02
-2.439828851763e-02
-2.438593778872e-02
-2.437359642606e-02
-2.436126442018e-02
-2.434894176165e-02
-2.433662844102e-02
-2.432432444888e-02
-2.431202977583e-02
-2.429974441245e-02
-2.428746834937e-02
-2.427520157721e-02
-2.426294408661e-02
-2.425069586822e-02
-2.423845691271e-02
-2.422622721073e-02
-2.421400675299e-02
-2.420179553017e-02
-2.418959353299e-02
-2.417740075216e-02
-2.416521717841e-02
-2.415304280250e-02
-2.414087761517e-02
-2.412872160719e-02
-2.411657476933e-02
-2.410443709240e-02
-2.409230856718e-02
-2.408018918450e-02
-2.406807893517e-02
-2.405597781003e-02
-2.404388579993e-02
-2.403180289573e-02
-2.401972908830e-02
-2.400766436851e-02
-2.399560872727e-02
-2.398356215547e-02
-2.397152464403e-02
-2.395949618389e-02
-2.394747676596e-02
-2.393546638122e-02
-2.392346502061e-02
-2.391147267511e-02
-2.389948933571e-02
-2.388751499339e-02
-2.387554963917e-02
-2.386359326406e-02
-2.385164585909e-02
-2.383970741530e-02
-2.382777792373e-02
-2.381585737546e-02
-2.380394576156e-02
-2.379204307310e-02
-2.378014930119e-02
-2.376826443693e-02
-2.375638847144e-02
-2.374452139584e-02
-2.373266320128e-02
-2.372081387891e-02
-2.370897341988e-02
-2.369714181538e-02
-2.368531905658e-02
-2.367350513469e-02
-2.366170004089e-02
-2.364990376642e-02
-2.363811630249e-02
-2.362633764035e-02
-2.361456777125e-02
-2.360280668644e-02
-2.359105437720e-02
-2.357931083481e-02
-2.356757605055e-02
-2.355585001574e-02
-2.354413272169e-02
-2.353242415971e-02
-2.352072432116e-02
-2.350903319736e-02
-2.349735077969e-02
-2.348567705951e-02
-2.347401202819e-02
-2.346235567712e-02
-2.345070799772e-02
-2.343906898137e-02
-2.342743861951e-02
-2.341581690357e-02
-2.340420382499e-02
-2.339259937522e-02
-2.338100354572e-02
-2.336941632797e-02
-2.335783771346e-02
-2.334626769367e-02
-2.333470626012e-02
-2.332315340431e-02
-2.331160911778e-02
-2.330007339206e-02
-2.328854621869e-02
-2.327702758925e-02
-2.326551749528e-02
-2.325401592838e-02
-2.324252288013e-02
-2.323103834213e-02
-2.321956230598e-02
-2.320809476332e-02
-2.319663570576e-02
-2.318518512495e-02
-2.317374301255e-02
-2.316230936020e-02
-2.315088415958e-02
-2.313946740237e-02
-2.312805908027e-02
-2.311665918497e-02
-2.310526770819e-02
-2.309388464165e-02
-2.308250997708e-02
-2.307114370623e-02
-2.305978582084e-02
-2.304843631268e-02
-2.303709517352e-02
-2.302576239514e-02
-2.301443796935e-02
-2.300312188793e-02
-2.299181414270e-02
-2.298051472550e-02
-2.296922362814e-02
-2.295794084247e-02
-2.294666636035e-02
-2.293540017364e-02
-2.292414227420e-02
-2.291289265394e-02
-2.290165130472e-02
-2.289041821847e-02
-2.287919338709e-02
-2.286797680250e-02
-2.285676845664e-02
-2.284556834145e-02
-2.283437644887e-02
-2.282319277088e-02
-2.281201729945e-02
-2.280085002655e-02
-2.278969094417e-02
-2.277854004432e-02
-2.276739731901e-02
-2.275626276026e-02
-2.274513636010e-02
-2.273401811057e-02
-2.272290800371e-02
-2.271180603159e-02
-2.270071218628e-02
-2.268962645985e-02
-2.267854884440e-02
-2.266747933202e-02
-2.265641791481e-02
-2.264536458490e-02
-2.263431933441e-02
-2.262328215548e-02
-2.261225304025e-02
-2.260123198089e-02
-2.259021896954e-02
-2.257921399839e-02
