-6.449002102181e-01
-6.448988015419e-01
-6.448964537555e-01
-6.448931668697e-01
-6.448889408995e-01
-6.448837758644e-01
-6.448776717882e-01
-6.448706286988e-01
-6.448626466288e-01
-6.448537256147e-01
-6.448438656976e-01
-6.448330669229e-01
-6.448213293401e-01
-6.448086530033e-01
-6.447950379707e-01
-6.447804843049e-01
-6.447649920729e-01
-6.447485613458e-01
-6.447311921992e-01
-6.447128847130e-01
-6.446936389713e-01
-6.446734550627e-01
-6.446523330799e-01
-6.446302731200e-01
-6.446072752846e-01
-6.445833396792e-01
-6.445584664140e-01
-6.445326556034e-01
-6.445059073660e-01
-6.444782218248e-01
-6.444495991071e-01
-6.444200393446e-01
-6.443895426731e-01
-6.443581092330e-01
-6.443257391686e-01
-6.442924326290e-01
-6.442581897672e-01
-6.442230107407e-01
-6.441868957114e-01
-6.441498448452e-01
-6.441118583126e-01
-6.440729362882e-01
-6.440330789511e-01
-6.439922864846e-01
-6.439505590762e-01
-6.439078969179e-01
-6.438643002059e-01
-6.438197691406e-01
-6.437743039270e-01
-6.437279047741e-01
-6.436805718953e-01
-6.436323055084e-01
-6.435831058353e-01
-6.435329731024e-01
-6.434819075402e-01
-6.434299093837e-01
-6.433769788721e-01
-6.433231162487e-01
-6.432683217614e-01
-6.432125956624e-01
-6.431559382078e-01
-6.430983496584e-01
-6.430398302791e-01
-6.429803803392e-01
-6.429200001121e-01
-6.428586898757e-01
-6.427964499120e-01
-6.427332805074e-01
-6.426691819526e-01
-6.426041545424e-01
-6.425381985761e-01
-6.424713143573e-01
-6.424035021936e-01
-6.423347623971e-01
-6.422650952841e-01
-6.421945011753e-01
-6.421229803955e-01
-6.420505332739e-01
-6.419771601438e-01
-6.419028613430e-01
-6.418276372135e-01
-6.417514881014e-01
-6.416744143573e-01
-6.415964163359e-01
-6.415174943962e-01
-6.414376489015e-01
-6.413568802194e-01
-6.412751887217e-01
-6.411925747845e-01
-6.411090387880e-01
-6.410245811168e-01
-6.409392021599e-01
-6.408529023102e-01
-6.407656819651e-01
-6.406775415262e-01
-6.405884813993e-01
-6.404985019946e-01
-6.404076037263e-01
-6.403157870131e-01
-6.402230522776e-01
-6.401293999471e-01
-6.400348304528e-01
-6.399393442302e-01
-6.398429417191e-01
-6.397456233635e-01
-6.396473896116e-01
-6.395482409159e-01
-6.394481777331e-01
-6.393472005242e-01
-6.392453097542e-01
-6.391425058926e-01
-6.390387894129e-01
-6.389341607930e-01
-6.388286205149e-01
-6.387221690649e-01
-6.386148069333e-01
-6.385065346150e-01
-6.383973526087e-01
-6.382872614176e-01
-6.381762615490e-01
-6.380643535145e-01
-6.379515378296e-01
-6.378378150144e-01
-6.377231855929e-01
-6.376076500935e-01
-6.374912090487e-01
-6.373738629952e-01
-6.372556124738e-01
-6.371364580297e-01
-6.370164002121e-01
-6.368954395744e-01
-6.367735766744e-01
-6.366508120738e-01
-6.365271463387e-01
-6.364025800391e-01
-6.362771137494e-01
-6.361507480482e-01
-6.360234835182e-01
-6.358953207461e-01
-6.357662603230e-01
-6.356363028441e-01
-6.355054489087e-01
-6.353736991203e-01
-6.352410540866e-01
-6.351075144193e-01
-6.349730807344e-01
-6.348377536521e-01
-6.347015337964e-01
-6.345644217960e-01
-6.344264182832e-01
-6.342875238947e-01
-6.341477392713e-01
-6.340070650581e-01
-6.338655019039e-01
-6.337230504620e-01
-6.335797113898e-01
-6.334354853486e-01
-6.332903730041e-01
-6.331443750258e-01
-6.329974920876e-01
-6.328497248674e-01
-6.327010740471e-01
-6.325515403128e-01
-6.324011243549e-01
-6.322498268676e-01
-6.320976485492e-01
-6.319445901023e-01
-6.317906522335e-01
-6.316358356535e-01
-6.314801410770e-01
-6.313235692229e-01
-6.311661208141e-01
-6.310077965775e-01
-6.308485972444e-01
-6.306885235497e-01
-6.305275762327e-01
-6.303657560368e-01
-6.302030637092e-01
-6.300395000012e-01
-6.298750656685e-01
-6.297097614703e-01
-6.295435881704e-01
-6.293765465363e-01
-6.292086373395e-01
-6.290398613559e-01
-6.288702193650e-01
-6.286997121506e-01
-6.285283405005e-01
-6.283561052064e-01
-6.281830070642e-01
-6.280090468736e-01
-6.278342254385e-01
-6.276585435668e-01
-6.274820020703e-01
-6.273046017648e-01
-6.271263434702e-01
-6.269472280104e-01
-6.267672562132e-01
-6.265864289105e-01
-6.264047469380e-01
-6.262222111355e-01
-6.260388223469e-01
-6.258545814198e-01
-6.256694892060e-01
-6.254835465613e-01
-6.252967543451e-01
-6.251091134212e-01
-6.249206246571e-01
-6.247312889244e-01
-6.245411070984e-01
-6.243500800586e-01
-6.241582086883e-01
-6.239654938749e-01
-6.237719365094e-01
-6.235775374872e-01
-6.233822977071e-01
-6.231862180722e-01
-6.229892994895e-01
-6.227915428696e-01
-6.225929491274e-01
-6.223935191813e-01
-6.221932539540e-01
-6.219921543719e-01
-6.217902213652e-01
-6.215874558681e-01
-6.213838588186e-01
-6.211794311588e-01
-6.209741738344e-01
-6.207680877951e-01
-6.205611739944e-01
-6.203534333898e-01
-6.201448669424e-01
-6.199354756175e-01
-6.197252603839e-01
-6.195142222144e-01
-6.193023620857e-01
-6.190896809781e-01
-6.188761798761e-01
-6.186618597677e-01
-6.184467216447e-01
-6.182307665030e-01
-6.180139953422e-01
-6.177964091654e-01
-6.175780089799e-01
-6.173587957966e-01
-6.171387706303e-01
-6.169179344993e-01
-6.166962884262e-01
-6.164738334367e-01
-6.162505705609e-01
-6.160265008323e-01
-6.158016252883e-01
-6.155759449699e-01
-6.153494609220e-01
-6.151221741931e-01
-6.148940858357e-01
-6.146651969058e-01
-6.144355084632e-01
-6.142050215713e-01
-6.139737372975e-01
-6.137416567126e-01
-6.135087808913e-01
-6.132751109119e-01
-6.130406478566e-01
-6.128053928109e-01
-6.125693468644e-01
-6.123325111101e-01
-6.120948866448e-01
-6.118564745690e-01
-6.116172759867e-01
-6.113772920056e-01
-6.111365237373e-01
-6.108949722967e-01
-6.106526388025e-01
-6.104095243770e-01
-6.101656301463e-01
-6.099209572399e-01
-6.096755067909e-01
-6.094292799361e-01
-6.091822778161e-01
-6.089345015747e-01
-6.086859523595e-01
-6.084366313218e-01
-6.081865396164e-01
-6.079356784014e-01
-6.076840488389e-01
-6.074316520943e-01
-6.071784893367e-01
-6.069245617385e-01
-6.066698704760e-01
-6.064144167287e-01
-6.061582016799e-01
-6.059012265163e-01
-6.056434924281e-01
-6.053850006090e-01
-6.051257522563e-01
-6.048657485707e-01
-6.046049907565e-01
-6.043434800213e-01
-6.040812175765e-01
-6.038182046366e-01
-6.035544424198e-01
-6.032899321478e-01
-6.030246750455e-01
-6.027586723415e-01
-6.024919252676e-01
-6.022244350594e-01
-6.019562029556e-01
-6.016872301983e-01
-6.014175180334e-01
-6.011470677096e-01
-6.008758804796e-01
-6.006039575992e-01
-6.003313003275e-01
-6.000579099272e-01
-5.997837876642e-01
-5.995089348078e-01
-5.992333526307e-01
-5.989570424090e-01
-5.986800054220e-01
-5.984022429525e-01
-5.981237562864e-01
-5.978445467132e-01
-5.975646155254e-01
-5.972839640191e-01
-5.970025934936e-01
-5.967205052513e-01
-5.964377005983e-01
-5.961541808434e-01
-5.958699472993e-01
-5.955850012814e-01
-5.952993441088e-01
-5.950129771036e-01
-5.947259015911e-01
-5.944381188999e-01
-5.941496303622e-01
-5.938604373126e-01
-5.935705410894e-01
-5.932799430343e-01
-5.929886444918e-01
-5.926966468097e-01
-5.924039513391e-01
-5.921105594342e-01
-5.918164724523e-01
-5.915216917538e-01
-5.912262187025e-01
-5.909300546649e-01
-5.906332010112e-01
-5.903356591142e-01
-5.900374303501e-01
-5.897385160981e-01
-5.894389177405e-01
-5.891386366627e-01
-5.888376742533e-01
-5.885360319036e-01
-5.882337110084e-01
-5.879307129654e-01
-5.876270391751e-01
-5.873226910413e-01
-5.870176699709e-01
-5.867119773736e-01
-5.864056146621e-01
-5.860985832522e-01
-5.857908845629e-01
-5.854825200157e-01
-5.851734910354e-01
-5.848637990498e-01
-5.845534454895e-01
-5.842424317881e-01
-5.839307593822e-01
-5.836184297111e-01
-5.833054442174e-01
-5.829918043463e-01
-5.826775115460e-01
-5.823625672677e-01
-5.820469729653e-01
-5.817307300956e-01
-5.814138401185e-01
-5.810963044965e-01
-5.807781246949e-01
-5.804593021822e-01
-5.801398384293e-01
-5.798197349102e-01
-5.794989931017e-01
-5.791776144832e-01
-5.788556005370e-01
-5.785329527484e-01
-5.782096726050e-01
-5.778857615977e-01
-5.775612212196e-01
-5.772360529671e-01
-5.769102583389e-01
-5.765838388367e-01
-5.762567959646e-01
-5.759291312298e-01
-5.756008461420e-01
-5.752719422134e-01
-5.749424209592e-01
-5.746122838970e-01
-5.742815325473e-01
-5.739501684331e-01
-5.736181930800e-01
-5.732856080164e-01
-5.729524147730e-01
-5.726186148833e-01
-5.722842098836e-01
-5.719492013124e-01
-5.716135907110e-01
-5.712773796232e-01
-5.709405695953e-01
-5.706031621763e-01
-5.702651589176e-01
-5.699265613731e-01
-5.695873710994e-01
-5.692475896553e-01
-5.689072186023e-01
-5.685662595045e-01
-5.682247139281e-01
-5.678825834420e-01
-5.675398696176e-01
-5.671965740285e-01
-5.668526982511e-01
-5.665082438638e-01
-5.661632124476e-01
-5.658176055860e-01
-5.654714248646e-01
-5.651246718717e-01
-5.647773481977e-01
-5.644294554355e-01
-5.640809951802e-01
-5.637319690294e-01
-5.633823785829e-01
-5.630322254429e-01
-5.626815112138e-01
-5.623302375022e-01
-5.619784059172e-01
-5.616260180700e-01
-5.612730755741e-01
-5.609195800453e-01
-5.605655331015e-01
-5.602109363628e-01
-5.598557914517e-01
-5.595000999927e-01
-5.591438636125e-01
-5.587870839402e-01
-5.584297626067e-01
-5.580719012452e-01
-5.577135014913e-01
-5.573545649822e-01
-5.569950933576e-01
-5.566350882592e-01
-5.562745513307e-01
-5.559134842181e-01
-5.555518885691e-01
-5.551897660339e-01
-5.548271182644e-01
-5.544639469146e-01
-5.541002536404e-01
-5.537360401001e-01
-5.533713079538e-01
-5.530060588633e-01
-5.526402944928e-01
-5.522740165080e-01
-5.519072265770e-01
-5.515399263695e-01
-5.511721175574e-01
-5.508038018141e-01
-5.504349808154e-01
-5.500656562385e-01
-5.496958297628e-01
-5.493255030695e-01
-5.489546778416e-01
-5.485833557638e-01
-5.482115385228e-01
-5.478392278071e-01
-5.474664253069e-01
-5.470931327144e-01
-5.467193517231e-01
-5.463450840288e-01
-5.459703313288e-01
-5.455950953220e-01
-5.452193777092e-01
-5.448431801930e-01
-5.444665044774e-01
-5.440893522682e-01
-5.437117252731e-01
-5.433336252011e-01
-5.429550537631e-01
-5.425760126714e-01
-5.421965036402e-01
-5.418165283851e-01
-5.414360886232e-01
-5.410551860735e-01
-5.406738224564e-01
-5.402919994937e-01
-5.399097189089e-01
-5.395269824270e-01
-5.391437917746e-01
-5.387601486795e-01
-5.383760548714e-01
-5.379915120812e-01
-5.376065220413e-01
-5.372210864855e-01
-5.368352071492e-01
-5.364488857691e-01
-5.360621240833e-01
-5.356749238313e-01
-5.352872867539e-01
-5.348992145935e-01
-5.345107090937e-01
-5.341217719994e-01
-5.337324050568e-01
-5.333426100136e-01
-5.329523886186e-01
-5.325617426219e-01
-5.321706737750e-01
-5.317791838306e-01
-5.313872745426e-01
-5.309949476661e-01
-5.306022049575e-01
-5.302090481744e-01
-5.298154790755e-01
-5.294214994208e-01
-5.290271109712e-01
-5.286323154892e-01
-5.282371147379e-01
-5.278415104819e-01
-5.274455044868e-01
-5.270490985192e-01
-5.266522943469e-01
-5.262550937387e-01
-5.258574984644e-01
-5.254595102950e-01
-5.250611310022e-01
-5.246623623591e-01
-5.242632061395e-01
-5.238636641183e-01
-5.234637380713e-01
-5.230634297754e-01
-5.226627410081e-01
-5.222616735483e-01
-5.218602291753e-01
-5.214584096698e-01
-5.210562168128e-01
-5.206536523867e-01
-5.202507181744e-01
-5.198474159598e-01
-5.194437475276e-01
-5.190397146632e-01
-5.186353191529e-01
-5.182305627838e-01
-5.178254473436e-01
-5.174199746209e-01
-5.170141464049e-01
-5.166079644857e-01
-5.162014306540e-01
-5.157945467011e-01
-5.153873144192e-01
-5.149797356008e-01
-5.145718120395e-01
-5.141635455291e-01
-5.137549378644e-01
-5.133459908404e-01
-5.129367062531e-01
-5.125270858987e-01
-5.121171315742e-01
-5.117068450770e-01
-5.112962282052e-01
-5.108852827572e-01
-5.104740105320e-01
-5.100624133292e-01
-5.096504929486e-01
-5.092382511907e-01
-5.088256898562e-01
-5.084128107465e-01
-5.079996156633e-01
-5.075861064085e-01
-5.071722847846e-01
-5.067581525944e-01
-5.063437116411e-01
-5.059289637282e-01
-5.055139106594e-01
-5.050985542388e-01
-5.046828962709e-01
-5.042669385603e-01
-5.038506829118e-01
-5.034341311308e-01
-5.030172850226e-01
-5.026001463927e-01
-5.021827170470e-01
-5.017649987915e-01
-5.013469934324e-01
-5.009287027759e-01
-5.005101286284e-01
-5.000912727965e-01
-4.996721370870e-01
-4.992527233065e-01
-4.988330332619e-01
-4.984130687601e-01
-4.979928316081e-01
-4.975723236128e-01
-4.971515465813e-01
-4.967305023205e-01
-4.963091926374e-01
-4.958876193392e-01
-4.954657842323e-01
-4.950436891239e-01
-4.946213358205e-01
-4.941987261291e-01
-4.937758618562e-01
-4.933527448082e-01
-4.929293767914e-01
-4.925057596120e-01
-4.920818950760e-01
-4.916577849892e-01
-4.912334311573e-01
-4.908088353856e-01
-4.903839994793e-01
-4.899589252434e-01
-4.895336144825e-01
-4.891080690011e-01
-4.886822906032e-01
-4.882562810927e-01
-4.878300422731e-01
-4.874035759475e-01
-4.869768839187e-01
-4.865499679892e-01
-4.861228299611e-01
-4.856954716359e-01
-4.852678948150e-01
-4.848401012992e-01
-4.844120928889e-01
-4.839838713839e-01
-4.835554385838e-01
-4.831267962875e-01
-4.826979462935e-01
-4.822688903997e-01
-4.818396304036e-01
-4.814101681019e-01
-4.809805052910e-01
-4.805506437666e-01
-4.801205853239e-01
-4.796903317573e-01
-4.792598848607e-01
-4.788292464274e-01
-4.783984182500e-01
-4.779674021203e-01
-4.775361998296e-01
-4.771048131685e-01
-4.766732439267e-01
-4.762414938933e-01
-4.758095648567e-01
-4.753774586044e-01
-4.749451769232e-01
-4.745127215991e-01
-4.740800944173e-01
-4.736472971621e-01
-4.732143316171e-01
-4.727811995650e-01
-4.723479027875e-01
-4.719144430655e-01
-4.714808221791e-01
-4.710470419074e-01
-4.706131040285e-01
-4.701790103196e-01
-4.697447625571e-01
-4.693103625161e-01
-4.688758119711e-01
-4.684411126952e-01
-4.680062664608e-01
-4.675712750390e-01
-4.671361402001e-01
-4.667008637132e-01
-4.662654473463e-01
-4.658298928663e-01
-4.653942020392e-01
-4.649583766294e-01
-4.645224184007e-01
-4.640863291154e-01
-4.636501105348e-01
-4.632137644188e-01
-4.627772925264e-01
-4.623406966151e-01
-4.619039784413e-01
-4.614671397603e-01
-4.610301823258e-01
-4.605931078904e-01
-4.601559182056e-01
-4.597186150212e-01
-4.592812000861e-01
-4.588436751475e-01
-4.584060419514e-01
-4.579683022425e-01
-4.575304577641e-01
-4.570925102580e-01
-4.566544614647e-01
-4.562163131232e-01
-4.557780669710e-01
-4.553397247444e-01
-4.549012881781e-01
-4.544627590051e-01
-4.540241389572e-01
-4.535854297646e-01
-4.531466331559e-01
-4.527077508582e-01
-4.522687845972e-01
-4.518297360967e-01
-4.513906070792e-01
-4.509513992655e-01
-4.505121143748e-01
-4.500727541247e-01
-4.496333202310e-01
-4.491938144081e-01
-4.487542383685e-01
-4.483145938231e-01
-4.478748824812e-01
-4.474351060502e-01
-4.469952662359e-01
-4.465553647424e-01
-4.461154032719e-01
-4.456753835249e-01
-4.452353072001e-01
-4.447951759945e-01
-4.443549916031e-01
-4.439147557192e-01
-4.434744700342e-01
-4.430341362378e-01
-4.425937560176e-01
-4.421533310595e-01
-4.417128630474e-01
-4.412723536633e-01
-4.408318045873e-01
-4.403912174976e-01
-4.399505940703e-01
-4.395099359798e-01
-4.390692448982e-01
-4.386285224958e-01
-4.381877704410e-01
-4.377469903998e-01
-4.373061840366e-01
-4.368653530135e-01
-4.364244989905e-01
-4.359836236257e-01
-4.355427285750e-01
-4.351018154923e-01
-4.346608860292e-01
-4.342199418353e-01
-4.337789845581e-01
-4.333380158429e-01
-4.328970373327e-01
-4.324560506685e-01
-4.320150574890e-01
-4.315740594308e-01
-4.311330581281e-01
-4.306920552130e-01
-4.302510523154e-01
-4.298100510628e-01
-4.293690530805e-01
-4.289280599915e-01
-4.284870734164e-01
-4.280460949737e-01
-4.276051262794e-01
-4.271641689473e-01
-4.267232245886e-01
-4.262822948125e-01
-4.258413812255e-01
-4.254004854319e-01
-4.249596090335e-01
-4.245187536297e-01
-4.240779208175e-01
-4.236371121915e-01
-4.231963293438e-01
-4.227555738639e-01
-4.223148473391e-01
-4.218741513539e-01
-4.214334874907e-01
-4.209928573289e-01
-4.205522624458e-01
-4.201117044159e-01
-4.196711848113e-01
-4.192307052013e-01
-4.187902671530e-01
-4.183498722305e-01
-4.179095219957e-01
-4.174692180076e-01
-4.170289618226e-01
-4.165887549946e-01
-4.161485990749e-01
-4.157084956118e-01
-4.152684461513e-01
-4.148284522365e-01
-4.143885154080e-01
-4.139486372034e-01
-4.135088191580e-01
-4.130690628038e-01
-4.126293696707e-01
-4.121897412854e-01
-4.117501791719e-01
-4.113106848517e-01
-4.108712598431e-01
-4.104319056619e-01
-4.099926238211e-01
-4.095534158306e-01
-4.091142831979e-01
-4.086752274272e-01
-4.082362500202e-01
-4.077973524755e-01
-4.073585362890e-01
-4.069198029536e-01
-4.064811539594e-01
-4.060425907936e-01
-4.056041149402e-01
-4.051657278807e-01
-4.047274310934e-01
-4.042892260537e-01
-4.038511142340e-01
-4.034130971038e-01
-4.029751761297e-01
-4.025373527751e-01
-4.020996285005e-01
-4.016620047634e-01
-4.012244830183e-01
-4.007870647167e-01
-4.003497513068e-01
-3.999125442342e-01
-3.994754449410e-01
-3.990384548665e-01
-3.986015754467e-01
-3.981648081148e-01
-3.977281543007e-01
-3.972916154312e-01
-3.968551929299e-01
-3.964188882175e-01
-3.959827027114e-01
-3.955466378259e-01
-3.951106949721e-01
-3.946748755580e-01
-3.942391809882e-01
-3.938036126645e-01
-3.933681719852e-01
-3.929328603455e-01
-3.924976791374e-01
-3.920626297495e-01
-3.916277135675e-01
-3.911929319736e-01
-3.907582863468e-01
-3.903237780628e-01
-3.898894084942e-01
-3.894551790102e-01
-3.890210909767e-01
-3.885871457563e-01
-3.881533447083e-01
-3.877196891888e-01
-3.872861805505e-01
-3.868528201427e-01
-3.864196093115e-01
-3.859865493994e-01
-3.855536417460e-01
-3.851208876871e-01
-3.846882885552e-01
-3.842558456798e-01
-3.838235603864e-01
-3.833914339977e-01
-3.829594678326e-01
-3.825276632068e-01
-3.820960214324e-01
-3.816645438182e-01
-3.812332316696e-01
-3.808020862884e-01
-3.803711089732e-01
-3.799403010189e-01
-3.795096637171e-01
-3.790791983558e-01
-3.786489062195e-01
-3.782187885895e-01
-3.777888467432e-01
-3.773590819549e-01
-3.769294954950e-01
-3.765000886307e-01
-3.760708626256e-01
-3.756418187396e-01
-3.752129582293e-01
-3.747842823475e-01
-3.743557923438e-01
-3.739274894640e-01
-3.734993749503e-01
-3.730714500415e-01
-3.726437159728e-01
-3.722161739756e-01
-3.717888252779e-01
-3.713616711042e-01
-3.709347126752e-01
-3.705079512081e-01
-3.700813879164e-01
-3.696550240102e-01
-3.692288606956e-01
-3.688028991754e-01
-3.683771406486e-01
-3.679515863107e-01
-3.675262373533e-01
-3.671010949646e-01
-3.666761603291e-01
-3.662514346275e-01
-3.658269190368e-01
-3.654026147307e-01
-3.649785228787e-01
-3.645546446469e-01
-3.641309811978e-01
-3.637075336899e-01
-3.632843032783e-01
-3.628612911141e-01
-3.624384983450e-01
-3.620159261148e-01
-3.615935755635e-01
-3.611714478276e-01
-3.607495440397e-01
-3.603278653287e-01
-3.599064128197e-01
-3.594851876341e-01
-3.590641908897e-01
-3.586434237004e-01
-3.582228871848e-01
-3.578025824236e-01
-3.573825105452e-01
-3.569626726398e-01
-3.565430698025e-01
-3.561237031245e-01
-3.557045736934e-01
-3.552856825929e-01
-3.548670309029e-01
-3.544486196995e-01
-3.540304500550e-01
-3.536125230379e-01
-3.531948397130e-01
-3.527774011410e-01
-3.523602083792e-01
-3.519432624807e-01
-3.515265644950e-01
-3.511101154677e-01
-3.506939164405e-01
-3.502779684515e-01
-3.498622725346e-01
-3.494468297203e-01
-3.490316410348e-01
-3.486167075009e-01
-3.482020301372e-01
-3.477876099585e-01
-3.473734479761e-01
-3.469595451969e-01
-3.465459026243e-01
-3.461325212579e-01
-3.457194020931e-01
-3.453065461217e-01
-3.448939543315e-01
-3.444816277066e-01
-3.440695672270e-01
-3.436577738689e-01
-3.432462486048e-01
-3.428349924030e-01
-3.424240062283e-01
-3.420132910412e-01
-3.416028477986e-01
-3.411926774534e-01
-3.407827809546e-01
-3.403731592475e-01
-3.399638132733e-01
-3.395547439692e-01
-3.391459522689e-01
-3.387374391018e-01
-3.383292053936e-01
-3.379212520660e-01
-3.375135800370e-01
-3.371061902204e-01
-3.366990835264e-01
-3.362922608610e-01
-3.358857231266e-01
-3.354794712214e-01
-3.350735060398e-01
-3.346678284723e-01
-3.342624394056e-01
-3.338573397223e-01
-3.334525303012e-01
-3.330480120172e-01
-3.326437857411e-01
-3.322398523400e-01
-3.318362126771e-01
-3.314328676115e-01
-3.310298179985e-01
-3.306270646895e-01
-3.302246085318e-01
-3.298224503691e-01
-3.294205910410e-01
-3.290190313831e-01
-3.286177722272e-01
-3.282168144012e-01
-3.278161587290e-01
-3.274158060307e-01
-3.270157571223e-01
-3.266160128161e-01
-3.262165739203e-01
-3.258174412393e-01
-3.254186155736e-01
-3.250200977196e-01
-3.246218884700e-01
-3.242239886135e-01
-3.238263989348e-01
-3.234291202150e-01
-3.230321532308e-01
-3.226354987554e-01
-3.222391575580e-01
-3.218431304037e-01
-3.214474180539e-01
-3.210520212660e-01
-3.206569407935e-01
-3.202621773861e-01
-3.198677317894e-01
-3.194736047453e-01
-3.190797969917e-01
-3.186863092625e-01
-3.182931422879e-01
-3.179002967941e-01
-3.175077735034e-01
-3.171155731342e-01
-3.167236964011e-01
-3.163321440148e-01
-3.159409166819e-01
-3.155500151053e-01
-3.151594399841e-01
-3.147691920133e-01
-3.143792718842e-01
-3.139896802841e-01
-3.136004178964e-01
-3.132114854009e-01
-3.128228834731e-01
-3.124346127850e-01
-3.120466740045e-01
-3.116590677957e-01
-3.112717948191e-01
-3.108848557308e-01
-3.104982511835e-01
-3.101119818259e-01
-3.097260483028e-01
-3.093404512551e-01
-3.089551913201e-01
-3.085702691311e-01
-3.081856853174e-01
-3.078014405048e-01
-3.074175353149e-01
-3.070339703658e-01
-3.066507462716e-01
-3.062678636425e-01
-3.058853230851e-01
-3.055031252020e-01
-3.051212705921e-01
-3.047397598503e-01
-3.043585935679e-01
-3.039777723324e-01
-3.035972967272e-01
-3.032171673323e-01
-3.028373847235e-01
-3.024579494733e-01
-3.020788621499e-01
-3.017001233181e-01
-3.013217335387e-01
-3.009436933688e-01
-3.005660033617e-01
-3.001886640670e-01
-2.998116760304e-01
-2.994350397940e-01
-2.990587558960e-01
-2.986828248710e-01
-2.983072472497e-01
-2.979320235591e-01
-2.975571543225e-01
-2.971826400594e-01
-2.968084812856e-01
-2.964346785133e-01
-2.960612322507e-01
-2.956881430026e-01
-2.953154112697e-01
-2.949430375495e-01
-2.945710223352e-01
-2.941993661169e-01
-2.938280693804e-01
-2.934571326083e-01
-2.930865562793e-01
-2.927163408685e-01
-2.923464868472e-01
-2.919769946830e-01
-2.916078648402e-01
-2.912390977789e-01
-2.908706939560e-01
-2.905026538244e-01
-2.901349778337e-01
-2.897676664295e-01
-2.894007200540e-01
-2.890341391456e-01
-2.886679241394e-01
-2.883020754665e-01
-2.879365935546e-01
-2.875714788276e-01
-2.872067317060e-01
-2.868423526067e-01
-2.864783419429e-01
-2.861147001241e-01
-2.857514275565e-01
-2.853885246426e-01
-2.850259917812e-01
-2.846638293677e-01
-2.843020377939e-01
-2.839406174479e-01
-2.835795687145e-01
-2.832188919749e-01
-2.828585876066e-01
-2.824986559838e-01
-2.821390974768e-01
-2.817799124528e-01
-2.814211012753e-01
-2.810626643043e-01
-2.807046018963e-01
-2.803469144043e-01
-2.799896021778e-01
-2.796326655628e-01
-2.792761049020e-01
-2.789199205345e-01
-2.785641127958e-01
-2.782086820181e-01
-2.778536285302e-01
-2.774989526573e-01
-2.771446547213e-01
-2.767907350407e-01
-2.764371939303e-01
-2.760840317017e-01
-2.757312486632e-01
-2.753788451194e-01
-2.750268213718e-01
-2.746751777183e-01
-2.743239144534e-01
-2.739730318684e-01
-2.736225302511e-01
-2.732724098859e-01
-2.729226710541e-01
-2.725733140333e-01
-2.722243390979e-01
-2.718757465190e-01
-2.715275365644e-01
-2.711797094985e-01
-2.708322655843e-01
-2.704852050758e-01
-2.701385282295e-01
-2.697922352964e-01
-2.694463265246e-01
-2.691008021586e-01
-2.687556624398e-01
-2.684109076064e-01
-2.680665378932e-01
-2.677225535317e-01
-2.673789547503e-01
-2.670357417741e-01
-2.666929148250e-01
-2.663504741200e-01
-2.660084198779e-01
-2.656667523092e-01
-2.653254716229e-01
-2.649845780250e-01
-2.646440717180e-01
-2.643039529015e-01
-2.639642217718e-01
-2.636248785220e-01
-2.632859233421e-01
-2.629473564189e-01
-2.626091779363e-01
-2.622713880747e-01
-2.619339870117e-01
-2.615969749215e-01
-2.612603519755e-01
-2.609241183417e-01
-2.605882741852e-01
-2.602528196679e-01
-2.599177549488e-01
-2.595830801836e-01
-2.592487955252e-01
-2.589149011231e-01
-2.585813971241e-01
-2.582482836718e-01
-2.579155609067e-01
-2.575832289665e-01
-2.572512879857e-01
-2.569197380958e-01
-2.565885794254e-01
-2.562578121001e-01
-2.559274362425e-01
-2.555974519721e-01
-2.552678594057e-01
-2.549386586568e-01
-2.546098498364e-01
-2.542814330520e-01
-2.539534084087e-01
-2.536257760084e-01
-2.532985359502e-01
-2.529716883300e-01
-2.526452332413e-01
-2.523191707742e-01
-2.519935010164e-01
-2.516682240523e-01
-2.513433399636e-01
-2.510188488293e-01
-2.506947507254e-01
-2.503710457250e-01
-2.500477338984e-01
-2.497248153132e-01
-2.494022900341e-01
-2.490801581230e-01
-2.487584196390e-01
-2.484370746383e-01
-2.481161231746e-01
-2.477955652985e-01
-2.474754010581e-01
-2.471556304986e-01
-2.468362536625e-01
-2.465172705896e-01
-2.461986813167e-01
-2.458804858784e-01
-2.455626843061e-01
-2.452452766287e-01
-2.449282628724e-01
-2.446116430608e-01
-2.442954172146e-01
-2.439795853520e-01
-2.436641474885e-01
-2.433491036369e-01
-2.430344538075e-01
-2.427201980077e-01
-2.424063362426e-01
-2.420928685144e-01
-2.417797948228e-01
-2.414671151651e-01
-2.411548295356e-01
-2.408429379263e-01
-2.405314403267e-01
-2.402203367234e-01
-2.399096271008e-01
-2.395993114405e-01
-2.392893897216e-01
-2.389798619209e-01
-2.386707280124e-01
-2.383619879677e-01
-2.380536417560e-01
-2.377456893437e-01
-2.374381306950e-01
-2.371309657716e-01
-2.368241945326e-01
-2.365178169347e-01
-2.362118329322e-01
-2.359062424769e-01
-2.356010455182e-01
-2.352962420030e-01
-2.349918318759e-01
-2.346878150790e-01
-2.343841915520e-01
-2.340809612324e-01
-2.337781240551e-01
-2.334756799527e-01
-2.331736288554e-01
-2.328719706911e-01
-2.325707053854e-01
-2.322698328615e-01
-2.319693530402e-01
-2.316692658402e-01
-2.313695711777e-01
-2.310702689667e-01
-2.307713591188e-01
-2.304728415434e-01
-2.301747161476e-01
-2.298769828364e-01
-2.295796415122e-01
-2.292826920755e-01
-2.289861344244e-01
-2.286899684547e-01
-2.283941940601e-01
-2.280988111322e-01
-2.278038195601e-01
-2.275092192309e-01
-2.272150100295e-01
-2.269211918386e-01
-2.266277645388e-01
-2.263347280084e-01
-2.260420821238e-01
-2.257498267589e-01
-2.254579617858e-01
-2.251664870743e-01
-2.248754024923e-01
-2.245847079052e-01
-2.242944031766e-01
-2.240044881681e-01
-2.237149627389e-01
-2.234258267465e-01
-2.231370800460e-01
-2.228487224907e-01
-2.225607539318e-01
-2.222731742219e-01
-2.219859831974e-01
-2.216991807143e-01
-2.214127666119e-01
-2.211267407314e-01
-2.208411029120e-01
-2.205558529906e-01
-2.202709908026e-01
-2.199865161811e-01
-2.197024289573e-01
-2.194187289607e-01
-2.191354160184e-01
-2.188524899561e-01
-2.185699505972e-01
-2.182877977634e-01
-2.180060312743e-01
-2.177246509479e-01
-2.174436566001e-01
-2.171630480449e-01
-2.168828250946e-01
-2.166029875596e-01
-2.163235352484e-01
-2.160444679676e-01
-2.157657855221e-01
-2.154874877150e-01
-2.152095743475e-01
-2.149320452189e-01
-2.146549001270e-01
-2.143781388676e-01
-2.141017612347e-01
-2.138257670207e-01
-2.135501560160e-01
-2.132749280096e-01
-2.130000827883e-01
-2.127256201377e-01
-2.124515398412e-01
-2.121778416807e-01
-2.119045254364e-01
-2.116315908868e-01
-2.113590378087e-01
-2.110868659772e-01
-2.108150751658e-01
-2.105436651461e-01
-2.102726356883e-01
-2.100019865609e-01
-2.097317175308e-01
-2.094618283631e-01
-2.091923188214e-01
-2.089231886677e-01
-2.086544376624e-01
-2.083860655642e-01
-2.081180721303e-01
-2.078504571164e-01
-2.075832202765e-01
-2.073163613630e-01
-2.070498801270e-01
-2.067837763178e-01
-2.065180496832e-01
-2.062526999695e-01
-2.059877269217e-01
-2.057231302829e-01
-2.054589097950e-01
-2.051950651982e-01
-2.049315962315e-01
-2.046685026321e-01
-2.044057841359e-01
-2.041434404773e-01
-2.038814713892e-01
-2.036198766033e-01
-2.033586558496e-01
-2.030978088566e-01
-2.028373353518e-01
-2.025772350609e-01
-2.023175077083e-01
-2.020581530170e-01
-2.017991707088e-01
-2.015405605039e-01
-2.012823221211e-01
-2.010244552781e-01
-2.007669596910e-01
-2.005098350746e-01
-2.002530811426e-01
-1.999966976069e-01
-1.997406841786e-01
-1.994850405672e-01
-1.992297664808e-01
-1.989748616265e-01
-1.987203257099e-01
-1.984661584354e-01
-1.982123595061e-01
-1.979589286238e-01
-1.977058654892e-01
-1.974531698016e-01
-1.972008412590e-01
-1.969488795584e-01
-1.966972843954e-01
-1.964460554645e-01
-1.961951924587e-01
-1.959446950703e-01
-1.956945629899e-01
-1.954447959073e-01
-1.951953935110e-01
-1.949463554881e-01
-1.946976815249e-01
-1.944493713063e-01
-1.942014245163e-01
-1.939538408374e-01
-1.937066199512e-01
-1.934597615383e-01
-1.932132652779e-01
-1.929671308483e-01
-1.927213579266e-01
-1.924759461888e-01
-1.922308953098e-01
-1.919862049637e-01
-1.917418748230e-01
-1.914979045597e-01
-1.912542938445e-01
-1.910110423469e-01
-1.907681497356e-01
-1.905256156781e-01
-1.902834398410e-01
-1.900416218899e-01
-1.898001614892e-01
-1.895590583025e-01
-1.893183119923e-01
-1.890779222202e-01
-1.888378886468e-01
-1.885982109315e-01
-1.883588887332e-01
-1.881199217094e-01
-1.878813095168e-01
-1.876430518113e-01
-1.874051482477e-01
-1.871675984800e-01
-1.869304021610e-01
-1.866935589430e-01
-1.864570684770e-01
-1.862209304134e-01
-1.859851444016e-01
-1.857497100900e-01
-1.855146271263e-01
-1.852798951573e-01
-1.850455138288e-01
-1.848114827858e-01
-1.845778016727e-01
-1.843444701326e-01
-1.841114878081e-01
-1.838788543410e-01
-1.836465693720e-01
-1.834146325412e-01
-1.831830434878e-01
-1.829518018504e-01
-1.827209072664e-01
-1.824903593729e-01
-1.822601578058e-01
-1.820303022004e-01
-1.818007921914e-01
-1.815716274125e-01
-1.813428074967e-01
-1.811143320762e-01
-1.808862007827e-01
-1.806584132470e-01
-1.804309690991e-01
-1.802038679683e-01
-1.799771094835e-01
-1.797506932724e-01
-1.795246189623e-01
-1.792988861799e-01
-1.790734945509e-01
-1.788484437006e-01
-1.786237332534e-01
-1.783993628333e-01
-1.781753320634e-01
-1.779516405663e-01
-1.777282879637e-01
-1.775052738771e-01
-1.772825979270e-01
-1.770602597334e-01
-1.768382589157e-01
-1.766165950926e-01
-1.763952678822e-01
-1.761742769022e-01
-1.759536217694e-01
-1.757333021003e-01
-1.755133175105e-01
-1.752936676153e-01
-1.750743520293e-01
-1.748553704887e-01
-1.746367222406e-01
-1.744184072643e-01
-1.742004250502e-01
-1.739827752100e-01
-1.737654573552e-01
-1.735484710964e-01
-1.733318160441e-01
-1.731154918079e-01
-1.728994979972e-01
-1.726838342205e-01
-1.724685000863e-01
-1.722534952023e-01
-1.720388191757e-01
-1.718244716133e-01
-1.716104521215e-01
-1.713967603061e-01
-1.711833957725e-01
-1.709703581256e-01
-1.707576469699e-01
-1.705452619094e-01
-1.703332025478e-01
-1.701214684881e-01
-1.699100593332e-01
-1.696989746853e-01
-1.694882141464e-01
-1.692777773179e-01
-1.690676638008e-01
-1.688578731960e-01
-1.686484051036e-01
-1.684392591235e-01
-1.682304348554e-01
-1.680219318982e-01
-1.678137498508e-01
-1.676058883116e-01
-1.673983468785e-01
-1.671911251494e-01
-1.669842227215e-01
-1.667776391917e-01
-1.665713741569e-01
-1.663654272132e-01
-1.661597979566e-01
-1.659544859829e-01
-1.657494908873e-01
-1.655448122649e-01
-1.653404497104e-01
-1.651364028182e-01
-1.649326711825e-01
-1.647292543971e-01
-1.645261520555e-01
-1.643233637510e-01
-1.641208890766e-01
-1.639187276250e-01
-1.637168789887e-01
-1.635153427598e-01
-1.633141185303e-01
-1.631132058918e-01
-1.629126044359e-01
-1.627123137536e-01
-1.625123334361e-01
-1.623126630739e-01
-1.621133022576e-01
-1.619142505775e-01
-1.617155076236e-01
-1.615170729859e-01
-1.613189462539e-01
-1.611211270171e-01
-1.609236148647e-01
-1.607264093859e-01
-1.605295101694e-01
-1.603329168040e-01
-1.601366288782e-01
-1.599406459803e-01
-1.597449676984e-01
-1.595495936207e-01
-1.593545233349e-01
-1.591597564287e-01
-1.589652924897e-01
-1.587711311053e-01
-1.585772718627e-01
-1.583837143490e-01
-1.581904581513e-01
-1.579975028564e-01
-1.578048480509e-01
-1.576124933217e-01
-1.574204382551e-01
-1.572286824375e-01
-1.570372254553e-01
-1.568460668946e-01
-1.566552063416e-01
-1.564646433821e-01
-1.562743776023e-01
-1.560844085878e-01
-1.558947359244e-01
-1.557053591978e-01
-1.555162779937e-01
-1.553274918975e-01
-1.551390004948e-01
-1.549508033709e-01
-1.547629001112e-01
-1.545752903011e-01
-1.543879735258e-01
-1.542009493706e-01
-1.540142174206e-01
-1.538277772610e-01
-1.536416284769e-01
-1.534557706535e-01
-1.532702033758e-01
-1.530849262289e-01
-1.528999387979e-01
-1.527152406677e-01
-1.525308314235e-01
-1.523467106503e-01
-1.521628779330e-01
-1.519793328569e-01
-1.517960750068e-01
-1.516131039680e-01
-1.514304193254e-01
-1.512480206643e-01
-1.510659075696e-01
-1.508840796267e-01
-1.507025364206e-01
-1.505212775367e-01
-1.503403025602e-01
-1.501596110764e-01
-1.499792026707e-01
-1.497990769286e-01
-1.496192334354e-01
-1.494396717767e-01
-1.492603915381e-01
-1.490813923053e-01
-1.489026736640e-01
-1.487242352000e-01
-1.485460764992e-01
-1.483681971475e-01
-1.481905967309e-01
-1.480132748357e-01
-1.478362310480e-01
-1.476594649541e-01
-1.474829761405e-01
-1.473067641936e-01
-1.471308287000e-01
-1.469551692465e-01
-1.467797854199e-01
-1.466046768071e-01
-1.464298429953e-01
-1.462552835715e-01
-1.460809981230e-01
-1.459069862374e-01
-1.457332475022e-01
-1.455597815049e-01
-1.453865878336e-01
-1.452136660761e-01
-1.450410158206e-01
-1.448686366553e-01
-1.446965281685e-01
-1.445246899490e-01
-1.443531215853e-01
-1.441818226664e-01
-1.440107927812e-01
-1.438400315190e-01
-1.436695384691e-01
-1.434993132210e-01
-1.433293553645e-01
-1.431596644895e-01
-1.429902401859e-01
-1.428210820440e-01
-1.426521896543e-01
-1.424835626074e-01
-1.423152004939e-01
-1.421471029051e-01
-1.419792694319e-01
-1.418116996659e-01
-1.416443931986e-01
-1.414773496219e-01
-1.413105685276e-01
-1.411440495080e-01
-1.409777921556e-01
-1.408117960629e-01
-1.406460608229e-01
-1.404805860286e-01
-1.403153712734e-01
-1.401504161506e-01
-1.399857202541e-01
-1.398212831780e-01
-1.396571045163e-01
-1.394931838635e-01
-1.393295208144e-01
-1.391661149639e-01
-1.390029659072e-01
-1.388400732396e-01
-1.386774365569e-01
-1.385150554550e-01
-1.383529295300e-01
-1.381910583785e-01
-1.380294415971e-01
-1.378680787827e-01
-1.377069695325e-01
-1.375461134442e-01
-1.373855101153e-01
-1.372251591440e-01
-1.370650601285e-01
-1.369052126674e-01
-1.367456169100e-01
-1.365862708042e-01
-1.364271756005e-01
-1.362683303484e-01
-1.361097346477e-01
-1.359513880988e-01
-1.357932903022e-01
-1.356354408587e-01
-1.354778393695e-01
-1.353204854362e-01
-1.351633786603e-01
-1.350065186440e-01
-1.348499049896e-01
-1.346935372998e-01
-1.345374151775e-01
-1.343815382260e-01
-1.342259060490e-01
-1.340705182502e-01
-1.339153744340e-01
-1.337604742049e-01
-1.336058171677e-01
-1.334514029276e-01
-1.332972310902e-01
-1.331433012612e-01
-1.329896130468e-01
-1.328361660535e-01
-1.326829598881e-01
-1.325299941579e-01
-1.323772684702e-01
-1.322247824329e-01
-1.320725356541e-01
-1.319205277425e-01
-1.317687583068e-01
-1.316172269562e-01
-1.314659333003e-01
-1.313148769489e-01
-1.311640575124e-01
-1.310134746013e-01
-1.308631278266e-01
-1.307130167995e-01
-1.305631411317e-01
-1.304135004353e-01
-1.302640943226e-01
-1.301149224064e-01
-1.299659842998e-01
-1.298172796162e-01
-1.296688079695e-01
-1.295205689739e-01
-1.293725622440e-01
-1.292247873948e-01
-1.290772440415e-01
-1.289299317998e-01
-1.287828502859e-01
-1.286359991162e-01
-1.284893779075e-01
-1.283429862770e-01
-1.281968238424e-01
-1.280508902216e-01
-1.279051850330e-01
-1.277597078954e-01
-1.276144584278e-01
-1.274694362499e-01
-1.273246409815e-01
-1.271800722430e-01
-1.270357296551e-01
-1.268916128389e-01
-1.267477214158e-01
-1.266040550079e-01
-1.264606132374e-01
-1.263173957270e-01
-1.261744020998e-01
-1.260316319793e-01
-1.258890849895e-01
-1.257467607547e-01
-1.256046588996e-01
-1.254627790493e-01
-1.253211208294e-01
-1.251796838658e-01
-1.250384677850e-01
-1.248974722136e-01
-1.247566967790e-01
-1.246161411087e-01
-1.244758048308e-01
-1.243356875737e-01
-1.241957889662e-01
-1.240561086378e-01
-1.239166462180e-01
-1.237774013371e-01
-1.236383736256e-01
-1.234995627144e-01
-1.233609682351e-01
-1.232225898194e-01
-1.230844270996e-01
-1.229464797084e-01
-1.228087472790e-01
-1.226712294449e-01
-1.225339258400e-01
-1.223968360990e-01
-1.222599598564e-01
-1.221232967478e-01
-1.219868464088e-01
-1.218506084756e-01
-1.217145825849e-01
-1.215787683735e-01
-1.214431654792e-01
-1.213077735397e-01
-1.211725921934e-01
-1.210376210793e-01
-1.209028598364e-01
-1.207683081047e-01
-1.206339655241e-01
-1.204998317353e-01
-1.203659063793e-01
-1.202321890977e-01
-1.200986795325e-01
-1.199653773258e-01
-1.198322821207e-01
-1.196993935603e-01
-1.195667112886e-01
-1.194342349496e-01
-1.193019641880e-01
-1.191698986489e-01
-1.190380379780e-01
-1.189063818211e-01
-1.187749298249e-01
-1.186436816362e-01
-1.185126369024e-01
-1.183817952714e-01
-1.182511563916e-01
-1.181207199115e-01
-1.179904854806e-01
-1.178604527485e-01
-1.177306213654e-01
-1.176009909818e-01
-1.174715612489e-01
-1.173423318183e-01
-1.172133023418e-01
-1.170844724721e-01
-1.169558418621e-01
-1.168274101651e-01
-1.166991770351e-01
-1.165711421264e-01
-1.164433050938e-01
-1.163156655927e-01
-1.161882232787e-01
-1.160609778081e-01
-1.159339288376e-01
-1.158070760243e-01
-1.156804190260e-01
-1.155539575006e-01
-1.154276911069e-01
-1.153016195038e-01
-1.151757423509e-01
-1.150500593082e-01
-1.149245700361e-01
-1.147992741957e-01
-1.146741714483e-01
-1.145492614559e-01
-1.144245438808e-01
-1.143000183859e-01
-1.141756846346e-01
-1.140515422906e-01
-1.139275910182e-01
-1.138038304823e-01
-1.136802603480e-01
-1.135568802811e-01
-1.134336899477e-01
-1.133106890147e-01
-1.131878771491e-01
-1.130652540186e-01
-1.129428192914e-01
-1.128205726359e-01
-1.126985137214e-01
-1.125766422174e-01
-1.124549577939e-01
-1.123334601215e-01
-1.122121488712e-01
-1.120910237145e-01
-1.119700843234e-01
-1.118493303704e-01
-1.117287615284e-01
-1.116083774708e-01
-1.114881778717e-01
-1.113681624053e-01
-1.112483307465e-01
-1.111286825708e-01
-1.110092175540e-01
-1.108899353725e-01
-1.107708357030e-01
-1.106519182229e-01
-1.105331826100e-01
-1.104146285425e-01
-1.102962556994e-01
-1.101780637598e-01
-1.100600524035e-01
-1.099422213106e-01
-1.098245701620e-01
-1.097070986388e-01
-1.095898064228e-01
-1.094726931960e-01
-1.093557586413e-01
-1.092390024417e-01
-1.091224242808e-01
-1.090060238429e-01
-1.088898008125e-01
-1.087737548748e-01
-1.086578857153e-01
-1.085421930201e-01
-1.084266764758e-01
-1.083113357695e-01
-1.081961705887e-01
-1.080811806214e-01
-1.079663655563e-01
-1.078517250822e-01
-1.077372588887e-01
-1.076229666657e-01
-1.075088481039e-01
-1.073949028940e-01
-1.072811310429e-01
-1.071675316063e-01
-1.070541042935e-01
-1.069408494112e-01
-1.068277663431e-01
-1.067148547831e-01
-1.066021144255e-01
-1.064895449653e-01
-1.063771460978e-01
-1.062649175188e-01
-1.061528589248e-01
-1.060409700125e-01
-1.059292504792e-01
-1.058177000227e-01
-1.057063183415e-01
-1.055951051342e-01
-1.054840601000e-01
-1.053731829388e-01
-1.052624733509e-01
-1.051519310368e-01
-1.050415556979e-01
-1.049313470358e-01
-1.048213047528e-01
-1.047114285515e-01
-1.046017181350e-01
-1.044921732072e-01
-1.043827934720e-01
-1.042735786341e-01
-1.041645283987e-01
-1.040556424712e-01
-1.039469205579e-01
-1.038383623653e-01
-1.037299676004e-01
-1.036217359709e-01
-1.035136671846e-01
-1.034057609502e-01
-1.032980169766e-01
-1.031904349733e-01
-1.030830146503e-01
-1.029757557181e-01
-1.028686578875e-01
-1.027617208701e-01
-1.026549443776e-01
-1.025483281226e-01
-1.024418718179e-01
-1.023355751767e-01
-1.022294379131e-01
-1.021234597413e-01
-1.020176403761e-01
-1.019119795327e-01
-1.018064769271e-01
-1.017011322754e-01
-1.015959452943e-01
-1.014909157011e-01
-1.013860432135e-01
-1.012813275496e-01
-1.011767684282e-01
-1.010723655683e-01
-1.009681186896e-01
-1.008640275121e-01
-1.007600917565e-01
-1.006563111438e-01
-1.005526853956e-01
-1.004492142338e-01
-1.003458973810e-01
-1.002427345601e-01
-1.001397254946e-01
-1.000368699085e-01
-9.993416752600e-02
-9.983161807214e-02
-9.972922127224e-02
-9.962697685214e-02
-9.952488453814e-02
-9.942294405704e-02
-9.932115513609e-02
-9.921951750304e-02
-9.911803088610e-02
-9.901669501394e-02
-9.891550961574e-02
-9.881447442112e-02
-9.871358916019e-02
-9.861285356353e-02
-9.851226736219e-02
-9.841183028770e-02
-9.831154207205e-02
-9.821140244771e-02
-9.811141114762e-02
-9.801156790519e-02
-9.791187245429e-02
-9.781232452927e-02
-9.771292386496e-02
-9.761367019664e-02
-9.751456326006e-02
-9.741560279146e-02
-9.731678852752e-02
-9.721812020540e-02
-9.711959756274e-02
-9.702122033762e-02
-9.692298826860e-02
-9.682490109472e-02
-9.672695855546e-02
-9.662916039078e-02
-9.653150634110e-02
-9.643399614730e-02
-9.633662955075e-02
-9.623940629324e-02
-9.614232611705e-02
-9.604538876493e-02
-9.594859398007e-02
-9.585194150600e-02
-9.575543108712e-02
-9.565906246787e-02
-9.556283539329e-02
-9.546674960889e-02
-9.537080486064e-02
-9.527500089495e-02
-9.517933745870e-02
-9.508381429924e-02
-9.498843116436e-02
-9.489318780232e-02
-9.479808396182e-02
-9.470311939203e-02
-9.460829384257e-02
-9.451360706352e-02
-9.441905880542e-02
-9.432464881924e-02
-9.423037685644e-02
-9.413624266889e-02
-9.404224600895e-02
-9.394838662950e-02
-9.385466428363e-02
-9.376107872511e-02
-9.366762970811e-02
-9.357431698722e-02
-9.348114031749e-02
-9.338809945444e-02
-9.329519415401e-02
-9.320242417259e-02
-9.310978926705e-02
-9.301728919467e-02
-9.292492371319e-02
-9.283269258080e-02
-9.274059555614e-02
-9.264863239828e-02
-9.255680286676e-02
-9.246510672153e-02
-9.237354372301e-02
-9.228211363205e-02
-9.219081620996e-02
-9.209965121847e-02
-9.200861841976e-02
-9.191771757646e-02
-9.182694845164e-02
-9.173631080878e-02
-9.164580441185e-02
-9.155542902521e-02
-9.146518441369e-02
-9.137507034256e-02
-9.128508657750e-02
-9.119523288464e-02
-9.110550903057e-02
-9.101591478227e-02
-9.092644990720e-02
-9.083711417323e-02
-9.074790734866e-02
-9.065882920223e-02
-9.056987950314e-02
-9.048105802097e-02
-9.039236452577e-02
-9.030379878802e-02
-9.021536057861e-02
-9.012704966887e-02
-9.003886583058e-02
-8.995080883591e-02
-8.986287845749e-02
-8.977507446837e-02
-8.968739664201e-02
-8.959984475233e-02
-8.951241857365e-02
-8.942511788072e-02
-8.933794244873e-02
-8.925089205327e-02
-8.916396647037e-02
-8.907716547649e-02
-8.899048884849e-02
-8.890393636368e-02
-8.881750779976e-02
-8.873120293489e-02
-8.864502154761e-02
-8.855896341691e-02
-8.847302832218e-02
-8.838721604325e-02
-8.830152636034e-02
-8.821595905411e-02
-8.813051390556e-02
-8.804519069632e-02
-8.795998920821e-02
-8.787490922356e-02
-8.778995052510e-02
-8.770511289597e-02
-8.762039611974e-02
-8.753579998037e-02
-8.745132426225e-02
-8.736696875018e-02
-8.728273322936e-02
-8.719861748541e-02
-8.711462130437e-02
-8.703074447266e-02
-8.694698677713e-02
-8.686334800504e-02
-8.677982794404e-02
-8.669642638222e-02
-8.661314310803e-02
-8.652997791037e-02
-8.644693057851e-02
-8.636400090215e-02
-8.628118867138e-02
-8.619849367669e-02
-8.611591570899e-02
-8.603345455958e-02
-8.595111002024e-02
-8.586888188292e-02
-8.578676994020e-02
-8.570477398498e-02
-8.562289381057e-02
-8.554112921067e-02
-8.545947997938e-02
-8.537794594150e-02
-8.529652682952e-02
-8.521522247090e-02
-8.513403266120e-02
-8.505295719656e-02
-8.497199587346e-02
-8.489114848876e-02
-8.481041483973e-02
-8.472979472402e-02
-8.464928793967e-02
-8.456889428513e-02
-8.448861355920e-02
-8.440844556105e-02
-8.432839009041e-02
-8.424844694722e-02
-8.416861592646e-02
-8.408889684115e-02
-8.400928948554e-02
-8.392979366119e-02
-8.385040917001e-02
-8.377113581433e-02
-8.369197339684e-02
-8.361292172060e-02
-8.353398058909e-02
-8.345514980616e-02
-8.337642917601e-02
-8.329781850327e-02
-8.321931759291e-02
-8.314092625032e-02
-8.306264428122e-02
-8.298447149175e-02
-8.290640768841e-02
-8.282845267808e-02
-8.275060626802e-02
-8.267286826586e-02
-8.259523847961e-02
-8.251771671765e-02
-8.244030278874e-02
-8.236299650201e-02
-8.228579766698e-02
-8.220870609350e-02
-8.213172159184e-02
-8.205484397261e-02
-8.197807304681e-02
-8.190140862578e-02
-8.182485052127e-02
-8.174839854538e-02
-8.167205251056e-02
-8.159581222965e-02
-8.151967751585e-02
-8.144364818273e-02
-8.136772404422e-02
-8.129190491461e-02
-8.121619060858e-02
-8.114058094114e-02
-8.106507572768e-02
-8.098967478395e-02
-8.091437792606e-02
-8.083918497050e-02
-8.076409573408e-02
-8.068911003400e-02
-8.061422768782e-02
-8.053944851346e-02
-8.046477232916e-02
-8.039019895358e-02
-8.031572820568e-02
-8.024135990481e-02
-8.016709387067e-02
-8.009292992330e-02
-8.001886788311e-02
-7.994490757085e-02
-7.987104880765e-02
-7.979729141496e-02
-7.972363521459e-02
-7.965008002872e-02
-7.957662567987e-02
-7.950327199089e-02
-7.943001878500e-02
-7.935686588578e-02
-7.928381311713e-02
-7.921086030332e-02
-7.913800726894e-02
-7.906525383896e-02
-7.899259983868e-02
-7.892004509373e-02
-7.884758943012e-02
-7.877523267416e-02
-7.870297465253e-02
-7.863081519226e-02
-7.855875412069e-02
-7.848679126554e-02
-7.841492645485e-02
-7.834315951699e-02
-7.827149028068e-02
-7.819991857499e-02
-7.812844422931e-02
-7.805706707338e-02
-7.798578693727e-02
-7.791460365139e-02
-7.784351704648e-02
-7.777252695363e-02
-7.770163320423e-02
-7.763083563005e-02
-7.756013406317e-02
-7.748952833598e-02
-7.741901828125e-02
-7.734860373205e-02
-7.727828452178e-02
-7.720806048419e-02
-7.713793145333e-02
-7.706789726361e-02
-7.699795774975e-02
-7.692811274680e-02
-7.685836209014e-02
-7.678870561547e-02
-7.671914315884e-02
-7.664967455658e-02
-7.658029964539e-02
-7.651101826227e-02
-7.644183024455e-02
-7.637273542988e-02
-7.630373365623e-02
-7.623482476190e-02
-7.616600858550e-02
-7.609728496598e-02
-7.602865374258e-02
-7.596011475489e-02
-7.589166784280e-02
-7.582331284652e-02
-7.575504960658e-02
-7.568687796382e-02
-7.561879775942e-02
-7.555080883484e-02
-7.548291103189e-02
-7.541510419266e-02
-7.534738815958e-02
-7.527976277538e-02
-7.521222788312e-02
-7.514478332614e-02
-7.507742894813e-02
-7.501016459305e-02
-7.494299010521e-02
-7.487590532921e-02
-7.480891010995e-02
-7.474200429264e-02
-7.467518772283e-02
-7.460846024634e-02
-7.454182170931e-02
-7.447527195819e-02
-7.440881083972e-02
-7.434243820097e-02
-7.427615388930e-02
-7.420995775237e-02
-7.414384963814e-02
-7.407782939489e-02
-7.401189687119e-02
-7.394605191590e-02
-7.388029437822e-02
-7.381462410760e-02
-7.374904095382e-02
-7.368354476696e-02
-7.361813539738e-02
-7.355281269576e-02
-7.348757651305e-02
-7.342242670052e-02
-7.335736310974e-02
-7.329238559254e-02
-7.322749400109e-02
-7.316268818783e-02
-7.309796800993e-02
-7.303333331153e-02
-7.296878395040e-02
-7.290431978016e-02
-7.283994065470e-02
-7.277564642830e-02
-7.271143695530e-02
-7.264731209055e-02
-7.258327168912e-02
-7.251931560636e-02
-7.245544369792e-02
-7.239165581971e-02
-7.232795182797e-02
-7.226433157919e-02
-7.220079493016e-02
-7.213734173795e-02
-7.207397185992e-02
-7.201068515372e-02
-7.194748147727e-02
-7.188436068878e-02
-7.182132264674e-02
-7.175836720992e-02
-7.169549423738e-02
-7.163270358844e-02
-7.156999512273e-02
-7.150736870014e-02
-7.144482418084e-02
-7.138236142528e-02
-7.131998029419e-02
-7.125768064857e-02
-7.119546234971e-02
-7.113332525917e-02
-7.107126923879e-02
-7.100929415066e-02
-7.094739985717e-02
-7.088558622099e-02
-7.082385310505e-02
-7.076220037253e-02
-7.070062788694e-02
-7.063913551200e-02
-7.057772311174e-02
-7.051639055045e-02
-7.045513769269e-02
-7.039396440328e-02
-7.033287054733e-02
-7.027185599020e-02
-7.021092059753e-02
-7.015006423521e-02
-7.008928676942e-02
-7.002858806659e-02
-6.996796799341e-02
-6.990742641686e-02
-6.984696320417e-02
-6.978657822282e-02
-6.972627134058e-02
-6.966604242546e-02
-6.960589134575e-02
-6.954581797000e-02
-6.948582216700e-02
-6.942590380583e-02
-6.936606275581e-02
-6.930629888653e-02
-6.924661206784e-02
-6.918700216983e-02
-6.912746906288e-02
-6.906801261761e-02
-6.900863270488e-02
-6.894932919585e-02
-6.889010196189e-02
-6.883095087465e-02
-6.877187580603e-02
-6.871287662819e-02
-6.865395321354e-02
-6.859510543474e-02
-6.853633316471e-02
-6.847763627661e-02
-6.841901464386e-02
-6.836046814014e-02
-6.830199663937e-02
-6.824360001571e-02
-6.818527814359e-02
-6.812703089769e-02
-6.806885815292e-02
-6.801075978445e-02
-6.795273566769e-02
-6.789478567832e-02
-6.783690969223e-02
-6.777910758559e-02
-6.772137923479e-02
-6.766372451649e-02
-6.760614330757e-02
-6.754863548518e-02
-6.749120092668e-02
-6.743383950971e-02
-6.737655111212e-02
-6.731933561203e-02
-6.726219288778e-02
-6.720512281796e-02
-6.714812528140e-02
-6.709120015718e-02
-6.703434732460e-02
-6.697756666321e-02
-6.692085805280e-02
-6.686422137340e-02
-6.680765650526e-02
-6.675116332890e-02
-6.669474172504e-02
-6.663839157466e-02
-6.658211275897e-02
-6.652590515941e-02
-6.646976865766e-02
-6.641370313563e-02
-6.635770847548e-02
-6.630178455957e-02
-6.624593127052e-02
-6.619014849118e-02
-6.613443610462e-02
-6.607879399414e-02
-6.602322204329e-02
-6.596772013584e-02
-6.591228815577e-02
-6.585692598733e-02
-6.580163351496e-02
-6.574641062334e-02
-6.569125719740e-02
-6.563617312227e-02
-6.558115828331e-02
-6.552621256612e-02
-6.547133585652e-02
-6.541652804054e-02
-6.536178900446e-02
-6.530711863478e-02
-6.525251681821e-02
-6.519798344168e-02
-6.514351839237e-02
-6.508912155765e-02
-6.503479282515e-02
-6.498053208268e-02
-6.492633921830e-02
-6.487221412028e-02
-6.481815667712e-02
-6.476416677752e-02
-6.471024431041e-02
-6.465638916495e-02
-6.460260123051e-02
-6.454888039666e-02
-6.449522655322e-02
-6.444163959021e-02
-6.438811939786e-02
-6.433466586662e-02
-6.428127888716e-02
-6.422795835038e-02
-6.417470414736e-02
-6.412151616942e-02
-6.406839430809e-02
-6.401533845510e-02
-6.396234850242e-02
-6.390942434220e-02
-6.385656586682e-02
-6.380377296887e-02
-6.375104554115e-02
-6.369838347667e-02
-6.364578666866e-02
-6.359325501053e-02
-6.354078839594e-02
-6.348838671873e-02
-6.343604987295e-02
-6.338377775288e-02
-6.333157025297e-02
-6.327942726792e-02
-6.322734869261e-02
-6.317533442214e-02
-6.312338435178e-02
-6.307149837706e-02
-6.301967639368e-02
-6.296791829755e-02
-6.291622398479e-02
-6.286459335172e-02
-6.281302629486e-02
-6.276152271093e-02
-6.271008249686e-02
-6.265870554979e-02
-6.260739176705e-02
-6.255614104616e-02
-6.250495328485e-02
-6.245382838107e-02
-6.240276623294e-02
-6.235176673880e-02
-6.230082979717e-02
-6.224995530678e-02
-6.219914316656e-02
-6.214839327564e-02
-6.209770553333e-02
-6.204707983915e-02
-6.199651609282e-02
-6.194601419424e-02
-6.189557404353e-02
-6.184519554098e-02
-6.179487858708e-02
-6.174462308253e-02
-6.169442892820e-02
-6.164429602518e-02
-6.159422427473e-02
-6.154421357832e-02
-6.149426383759e-02
-6.144437495440e-02
-6.139454683077e-02
-6.134477936894e-02
-6.129507247133e-02
-6.124542604054e-02
-6.119583997937e-02
-6.114631419080e-02
-6.109684857801e-02
-6.104744304437e-02
-6.099809749343e-02
-6.094881182892e-02
-6.089958595478e-02
-6.085041977511e-02
-6.080131319422e-02
-6.075226611659e-02
-6.070327844689e-02
-6.065435008998e-02
-6.060548095091e-02
-6.055667093489e-02
-6.050791994733e-02
-6.045922789384e-02
-6.041059468018e-02
-6.036202021231e-02
-6.031350439638e-02
-6.026504713871e-02
-6.021664834581e-02
-6.016830792436e-02
-6.012002578123e-02
-6.007180182346e-02
-6.002363595829e-02
-5.997552809313e-02
-5.992747813555e-02
-5.987948599333e-02
-5.983155157441e-02
-5.978367478691e-02
-5.973585553913e-02
-5.968809373955e-02
-5.964038929683e-02
-5.959274211979e-02
-5.954515211745e-02
-5.949761919898e-02
-5.945014327374e-02
-5.940272425127e-02
-5.935536204128e-02
-5.930805655365e-02
-5.926080769844e-02
-5.921361538587e-02
-5.916647952636e-02
-5.911940003047e-02
-5.907237680895e-02
-5.902540977273e-02
-5.897849883290e-02
-5.893164390072e-02
-5.888484488763e-02
-5.883810170523e-02
-5.879141426531e-02
-5.874478247979e-02
-5.869820626081e-02
-5.865168552064e-02
-5.860522017173e-02
-5.855881012672e-02
-5.851245529838e-02
-5.846615559968e-02
-5.841991094374e-02
-5.837372124385e-02
-5.832758641347e-02
-5.828150636622e-02
-5.823548101590e-02
-5.818951027645e-02
-5.814359406201e-02
-5.809773228685e-02
-5.805192486542e-02
-5.800617171235e-02
-5.796047274241e-02
-5.791482787053e-02
-5.786923701183e-02
-5.782370008157e-02
-5.777821699518e-02
-5.773278766826e-02
-5.768741201654e-02
-5.764208995596e-02
-5.759682140258e-02
-5.755160627264e-02
-5.750644448254e-02
-5.746133594883e-02
-5.741628058823e-02
-5.737127831761e-02
-5.732632905401e-02
-5.728143271461e-02
-5.723658921678e-02
-5.719179847801e-02
-5.714706041597e-02
-5.710237494849e-02
-5.705774199354e-02
-5.701316146926e-02
-5.696863329395e-02
-5.692415738604e-02
-5.687973366416e-02
-5.683536204704e-02
-5.679104245361e-02
-5.674677480293e-02
-5.670255901423e-02
-5.665839500688e-02
-5.661428270042e-02
-5.657022201451e-02
-5.652621286901e-02
-5.648225518389e-02
-5.643834887929e-02
-5.639449387552e-02
-5.635069009300e-02
-5.630693745234e-02
-5.626323587428e-02
-5.621958527972e-02
-5.617598558969e-02
-5.613243672540e-02
-5.608893860820e-02
-5.604549115957e-02
-5.600209430116e-02
-5.595874795476e-02
-5.591545204231e-02
-5.587220648590e-02
-5.582901120776e-02
-5.578586613029e-02
-5.574277117600e-02
-5.569972626757e-02
-5.565673132783e-02
-5.561378627975e-02
-5.557089104643e-02
-5.552804555115e-02
-5.548524971730e-02
-5.544250346844e-02
-5.539980672826e-02
-5.535715942059e-02
-5.531456146942e-02
-5.527201279888e-02
-5.522951333324e-02
-5.518706299690e-02
-5.514466171442e-02
-5.510230941050e-02
-5.506000600997e-02
-5.501775143782e-02
-5.497554561918e-02
-5.493338847929e-02
-5.489127994357e-02
-5.484921993755e-02
-5.480720838693e-02
-5.476524521753e-02
-5.472333035531e-02
-5.468146372638e-02
-5.463964525697e-02
-5.459787487346e-02
-5.455615250238e-02
-5.451447807039e-02
-5.447285150427e-02
-5.443127273096e-02
-5.438974167753e-02
-5.434825827119e-02
-5.430682243927e-02
-5.426543410926e-02
-5.422409320877e-02
-5.418279966555e-02
-5.414155340750e-02
-5.410035436262e-02
-5.405920245908e-02
-5.401809762516e-02
-5.397703978930e-02
-5.393602888005e-02
-5.389506482610e-02
-5.385414755628e-02
-5.381327699954e-02
-5.377245308499e-02
-5.373167574184e-02
-5.369094489946e-02
-5.365026048732e-02
-5.360962243505e-02
-5.356903067240e-02
-5.352848512926e-02
-5.348798573563e-02
-5.344753242167e-02
-5.340712511764e-02
-5.336676375395e-02
-5.332644826114e-02
-5.328617856986e-02
-5.324595461091e-02
-5.320577631522e-02
-5.316564361383e-02
-5.312555643791e-02
-5.308551471879e-02
-5.304551838788e-02
-5.300556737676e-02
-5.296566161711e-02
-5.292580104074e-02
-5.288598557961e-02
-5.284621516577e-02
-5.280648973143e-02
-5.276680920890e-02
-5.272717353064e-02
-5.268758262921e-02
-5.264803643731e-02
-5.260853488776e-02
-5.256907791351e-02
-5.252966544762e-02
-5.249029742331e-02
-5.245097377387e-02
-5.241169443276e-02
-5.237245933353e-02
-5.233326840988e-02
-5.229412159562e-02
-5.225501882467e-02
-5.221596003110e-02
-5.217694514908e-02
-5.213797411292e-02
-5.209904685702e-02
-5.206016331593e-02
-5.202132342431e-02
-5.198252711695e-02
-5.194377432875e-02
-5.190506499473e-02
-5.186639905003e-02
-5.182777642991e-02
-5.178919706977e-02
-5.175066090509e-02
-5.171216787150e-02
-5.167371790473e-02
-5.163531094064e-02
-5.159694691521e-02
-5.155862576453e-02
-5.152034742480e-02
-5.148211183235e-02
-5.144391892364e-02
-5.140576863521e-02
-5.136766090374e-02
-5.132959566604e-02
-5.129157285900e-02
-5.125359241965e-02
-5.121565428514e-02
-5.117775839272e-02
-5.113990467976e-02
-5.110209308375e-02
-5.106432354229e-02
-5.102659599309e-02
-5.098891037398e-02
-5.095126662290e-02
-5.091366467792e-02
-5.087610447719e-02
-5.083858595901e-02
-5.080110906177e-02
-5.076367372397e-02
-5.072627988424e-02
-5.068892748131e-02
-5.065161645403e-02
-5.061434674135e-02
-5.057711828234e-02
-5.053993101617e-02
-5.050278488215e-02
-5.046567981966e-02
-5.042861576823e-02
-5.039159266746e-02
-5.035461045710e-02
-5.031766907698e-02
-5.028076846706e-02
-5.024390856739e-02
-5.020708931815e-02
-5.017031065961e-02
-5.013357253216e-02
-5.009687487630e-02
-5.006021763262e-02
-5.002360074184e-02
-4.998702414478e-02
-4.995048778236e-02
-4.991399159562e-02
-4.987753552570e-02
-4.984111951385e-02
-4.980474350141e-02
-4.976840742986e-02
-4.973211124075e-02
-4.969585487576e-02
-4.965963827667e-02
-4.962346138536e-02
-4.958732414382e-02
-4.955122649415e-02
-4.951516837853e-02
-4.947914973929e-02
-4.944317051881e-02
-4.940723065962e-02
-4.937133010433e-02
-4.933546879566e-02
-4.929964667643e-02
-4.926386368957e-02
-4.922811977810e-02
-4.919241488516e-02
-4.915674895399e-02
-4.912112192791e-02
-4.908553375038e-02
-4.904998436492e-02
-4.901447371518e-02
-4.897900174491e-02
-4.894356839795e-02
-4.890817361825e-02
-4.887281734985e-02
-4.883749953690e-02
-4.880222012366e-02
-4.876697905446e-02
-4.873177627377e-02
-4.869661172612e-02
-4.866148535616e-02
-4.862639710865e-02
-4.859134692843e-02
-4.855633476044e-02
-4.852136054973e-02
-4.848642424144e-02
-4.845152578082e-02
-4.841666511320e-02
-4.838184218402e-02
-4.834705693882e-02
-4.831230932323e-02
-4.827759928297e-02
-4.824292676388e-02
-4.820829171188e-02
-4.817369407299e-02
-4.813913379334e-02
-4.810461081912e-02
-4.807012509665e-02
-4.803567657234e-02
-4.800126519270e-02
-4.796689090430e-02
-4.793255365386e-02
-4.789825338815e-02
-4.786399005405e-02
-4.782976359856e-02
-4.779557396873e-02
-4.776142111173e-02
-4.772730497482e-02
-4.769322550536e-02
-4.765918265079e-02
-4.762517635865e-02
-4.759120657658e-02
-4.755727325231e-02
-4.752337633366e-02
-4.748951576853e-02
-4.745569150495e-02
-4.742190349099e-02
-4.738815167486e-02
-4.735443600483e-02
-4.732075642929e-02
-4.728711289669e-02
-4.725350535560e-02
-4.721993375465e-02
-4.718639804260e-02
-4.715289816827e-02
-4.711943408058e-02
-4.708600572854e-02
-4.705261306126e-02
-4.701925602792e-02
-4.698593457781e-02
-4.695264866030e-02
-4.691939822485e-02
-4.688618322100e-02
-4.685300359841e-02
-4.681985930679e-02
-4.678675029597e-02
-4.675367651584e-02
-4.672063791641e-02
-4.668763444775e-02
-4.665466606004e-02
-4.662173270353e-02
-4.658883432857e-02
-4.655597088559e-02
-4.652314232512e-02
-4.649034859775e-02
-4.645758965419e-02
-4.642486544522e-02
-4.639217592170e-02
-4.635952103459e-02
-4.632690073492e-02
-4.629431497383e-02
-4.626176370253e-02
-4.622924687232e-02
-4.619676443458e-02
-4.616431634077e-02
-4.613190254246e-02
-4.609952299128e-02
-4.606717763895e-02
-4.603486643729e-02
-4.600258933819e-02
-4.597034629363e-02
-4.593813725566e-02
-4.590596217643e-02
-4.587382100817e-02
-4.584171370320e-02
-4.580964021391e-02
-4.577760049278e-02
-4.574559449237e-02
-4.571362216533e-02
-4.568168346439e-02
-4.564977834235e-02
-4.561790675211e-02
-4.558606864665e-02
-4.555426397902e-02
-4.552249270236e-02
-4.549075476989e-02
-4.545905013492e-02
-4.542737875083e-02
-4.539574057108e-02
-4.536413554923e-02
-4.533256363889e-02
-4.530102479378e-02
-4.526951896768e-02
-4.523804611447e-02
-4.520660618808e-02
-4.517519914256e-02
-4.514382493201e-02
-4.511248351061e-02
-4.508117483264e-02
-4.504989885244e-02
-4.501865552445e-02
-4.498744480316e-02
-4.495626664316e-02
-4.492512099912e-02
-4.489400782577e-02
-4.486292707794e-02
-4.483187871053e-02
-4.480086267851e-02
-4.476987893694e-02
-4.473892744095e-02
-4.470800814574e-02
-4.467712100662e-02
-4.464626597894e-02
-4.461544301815e-02
-4.458465207976e-02
-4.455389311937e-02
-4.452316609265e-02
-4.449247095536e-02
-4.446180766331e-02
-4.443117617241e-02
-4.440057643864e-02
-4.437000841806e-02
-4.433947206678e-02
-4.430896734102e-02
-4.427849419705e-02
-4.424805259124e-02
-4.421764248001e-02
-4.418726381986e-02
-4.415691656739e-02
-4.412660067924e-02
-4.409631611215e-02
-4.406606282291e-02
-4.403584076841e-02
-4.400564990560e-02
-4.397549019151e-02
-4.394536158323e-02
-4.391526403795e-02
-4.388519751290e-02
-4.385516196541e-02
-4.382515735286e-02
-4.379518363274e-02
-4.376524076258e-02
-4.373532869998e-02
-4.370544740264e-02
-4.367559682831e-02
-4.364577693483e-02
-4.361598768009e-02
-4.358622902206e-02
-4.355650091880e-02
-4.352680332842e-02
-4.349713620910e-02
-4.346749951912e-02
-4.343789321679e-02
-4.340831726053e-02
-4.337877160881e-02
-4.334925622017e-02
-4.331977105322e-02
-4.329031606665e-02
-4.326089121922e-02
-4.323149646976e-02
-4.320213177716e-02
-4.317279710038e-02
-4.314349239846e-02
-4.311421763052e-02
-4.308497275571e-02
-4.305575773330e-02
-4.302657252259e-02
-4.299741708296e-02
-4.296829137387e-02
-4.293919535484e-02
-4.291012898547e-02
-4.288109222539e-02
-4.285208503435e-02
-4.282310737215e-02
-4.279415919863e-02
-4.276524047373e-02
-4.273635115746e-02
-4.270749120988e-02
-4.267866059113e-02
-4.264985926139e-02
-4.262108718096e-02
-4.259234431015e-02
-4.256363060939e-02
-4.253494603912e-02
-4.250629055991e-02
-4.247766413233e-02
-4.244906671708e-02
-4.242049827488e-02
-4.239195876654e-02
-4.236344815293e-02
-4.233496639498e-02
-4.230651345369e-02
-4.227808929013e-02
-4.224969386544e-02
-4.222132714081e-02
-4.219298907751e-02
-4.216467963685e-02
-4.213639878025e-02
-4.210814646915e-02
-4.207992266508e-02
-4.205172732963e-02
-4.202356042445e-02
-4.199542191125e-02
-4.196731175183e-02
-4.193922990802e-02
-4.191117634173e-02
-4.188315101494e-02
-4.185515388969e-02
-4.182718492807e-02
-4.179924409226e-02
-4.177133134447e-02
-4.174344664700e-02
-4.171558996221e-02
-4.168776125251e-02
-4.165996048039e-02
-4.163218760838e-02
-4.160444259909e-02
-4.157672541519e-02
-4.154903601942e-02
-4.152137437456e-02
-4.149374044347e-02
-4.146613418906e-02
-4.143855557432e-02
-4.141100456229e-02
-4.138348111607e-02
-4.135598519882e-02
-4.132851677378e-02
-4.130107580422e-02
-4.127366225349e-02
-4.124627608501e-02
-4.121891726225e-02
-4.119158574873e-02
-4.116428150805e-02
-4.113700450386e-02
-4.110975469987e-02
-4.108253205985e-02
-4.105533654765e-02
-4.102816812714e-02
-4.100102676230e-02
-4.097391241712e-02
-4.094682505568e-02
-4.091976464212e-02
-4.089273114062e-02
-4.086572451544e-02
-4.083874473090e-02
-4.081179175135e-02
-4.078486554122e-02
-4.075796606502e-02
-4.073109328728e-02
-4.070424717260e-02
-4.067742768566e-02
-4.065063479117e-02
-4.062386845392e-02
-4.059712863874e-02
-4.057041531053e-02
-4.054372843426e-02
-4.051706797492e-02
-4.049043389759e-02
-4.046382616740e-02
-4.043724474953e-02
-4.041068960924e-02
-4.038416071181e-02
-4.035765802261e-02
-4.033118150706e-02
-4.030473113062e-02
-4.027830685882e-02
-4.025190865725e-02
-4.022553649156e-02
-4.019919032743e-02
-4.017287013063e-02
-4.014657586697e-02
-4.012030750232e-02
-4.009406500259e-02
-4.006784833378e-02
-4.004165746191e-02
-4.001549235307e-02
-3.998935297342e-02
-3.996323928916e-02
-3.993715126655e-02
-3.991108887189e-02
-3.988505207156e-02
-3.985904083198e-02
-3.983305511963e-02
-3.980709490105e-02
-3.978116014282e-02
-3.975525081158e-02
-3.972936687404e-02
-3.970350829695e-02
-3.967767504711e-02
-3.965186709139e-02
-3.962608439669e-02
-3.960032692999e-02
-3.957459465832e-02
-3.954888754874e-02
-3.952320556839e-02
-3.949754868446e-02
-3.947191686418e-02
-3.944631007484e-02
-3.942072828379e-02
-3.939517145843e-02
-3.936963956620e-02
-3.934413257462e-02
-3.931865045123e-02
-3.929319316364e-02
-3.926776067953e-02
-3.924235296660e-02
-3.921696999263e-02
-3.919161172542e-02
-3.916627813286e-02
-3.914096918287e-02
-3.911568484342e-02
-3.909042508255e-02
-3.906518986833e-02
-3.903997916889e-02
-3.901479295243e-02
-3.898963118716e-02
-3.896449384140e-02
-3.893938088346e-02
-3.891429228174e-02
-3.888922800468e-02
-3.886418802077e-02
-3.883917229856e-02
-3.881418080663e-02
-3.878921351364e-02
-3.876427038828e-02
-3.873935139929e-02
-3.871445651547e-02
-3.868958570567e-02
-3.866473893878e-02
-3.863991618376e-02
-3.861511740959e-02
-3.859034258533e-02
-3.856559168007e-02
-3.854086466296e-02
-3.851616150320e-02
-3.849148217004e-02
-3.846682663276e-02
-3.844219486072e-02
-3.841758682331e-02
-3.839300248997e-02
-3.836844183020e-02
-3.834390481354e-02
-3.831939140958e-02
-3.829490158796e-02
-3.827043531837e-02
-3.824599257055e-02
-3.822157331428e-02
-3.819717751940e-02
-3.817280515579e-02
-3.814845619338e-02
-3.812413060216e-02
-3.809982835214e-02
-3.807554941342e-02
-3.805129375610e-02
-3.802706135036e-02
-3.800285216642e-02
-3.797866617455e-02
-3.795450334507e-02
-3.793036364832e-02
-3.790624705474e-02
-3.788215353476e-02
-3.785808305889e-02
-3.783403559770e-02
-3.781001112176e-02
-3.778600960174e-02
-3.776203100832e-02
-3.773807531223e-02
-3.771414248427e-02
-3.769023249527e-02
-3.766634531611e-02
-3.764248091770e-02
-3.761863927103e-02
-3.759482034711e-02
-3.757102411700e-02
-3.754725055182e-02
-3.752349962271e-02
-3.749977130089e-02
-3.747606555759e-02
-3.745238236411e-02
-3.742872169179e-02
-3.740508351202e-02
-3.738146779622e-02
-3.735787451587e-02
-3.733430364249e-02
-3.731075514764e-02
-3.728722900294e-02
-3.726372518003e-02
-3.724024365064e-02
-3.721678438648e-02
-3.719334735937e-02
-3.716993254113e-02
-3.714653990363e-02
-3.712316941882e-02
-3.709982105865e-02
-3.707649479514e-02
-3.705319060034e-02
-3.702990844635e-02
-3.700664830533e-02
-3.698341014946e-02
-3.696019395097e-02
-3.693699968214e-02
-3.691382731530e-02
-3.689067682280e-02
-3.686754817705e-02
-3.684444135051e-02
-3.682135631567e-02
-3.679829304507e-02
-3.677525151129e-02
-3.675223168696e-02
-3.672923354474e-02
-3.670625705735e-02
-3.668330219754e-02
-3.666036893810e-02
-3.663745725188e-02
-3.661456711176e-02
-3.659169849066e-02
-3.656885136155e-02
-3.654602569744e-02
-3.652322147139e-02
-3.650043865648e-02
-3.647767722586e-02
-3.645493715270e-02
-3.643221841022e-02
-3.640952097170e-02
-3.638684481042e-02
-3.636418989975e-02
-3.634155621306e-02
-3.631894372379e-02
-3.629635240542e-02
-3.627378223144e-02
-3.625123317543e-02
-3.622870521097e-02
-3.620619831170e-02
-3.618371245130e-02
-3.616124760349e-02
-3.613880374203e-02
-3.611638084073e-02
-3.609397887342e-02
-3.607159781399e-02
-3.604923763637e-02
-3.602689831451e-02
-3.600457982243e-02
-3.598228213416e-02
-3.596000522381e-02
-3.593774906548e-02
-3.591551363336e-02
-3.589329890164e-02
-3.587110484458e-02
-3.584893143646e-02
-3.582677865162e-02
-3.580464646441e-02
-3.578253484924e-02
-3.576044378057e-02
-3.573837323288e-02
-3.571632318069e-02
-3.569429359858e-02
-3.567228446114e-02
-3.565029574302e-02
-3.562832741891e-02
-3.560637946353e-02
-3.558445185164e-02
-3.556254455805e-02
-3.554065755759e-02
-3.551879082514e-02
-3.549694433563e-02
-3.547511806400e-02
-3.545331198526e-02
-3.543152607445e-02
-3.540976030663e-02
-3.538801465691e-02
-3.536628910046e-02
-3.534458361245e-02
-3.532289816811e-02
-3.530123274271e-02
-3.527958731156e-02
-3.525796184999e-02
-3.523635633338e-02
-3.521477073715e-02
-3.519320503677e-02
-3.517165920771e-02
-3.515013322551e-02
-3.512862706575e-02
-3.510714070402e-02
-3.508567411597e-02
-3.506422727729e-02
-3.504280016369e-02
-3.502139275093e-02
-3.500000501480e-02
-3.497863693113e-02
-3.495728847579e-02
-3.493595962469e-02
-3.491465035376e-02
-3.489336063900e-02
-3.487209045640e-02
-3.485083978203e-02
-3.482960859197e-02
-3.480839686236e-02
-3.478720456934e-02
-3.476603168913e-02
-3.474487819796e-02
-3.472374407209e-02
-3.470262928784e-02
-3.468153382156e-02
-3.466045764962e-02
-3.463940074843e-02
-3.461836309446e-02
-3.459734466419e-02
-3.457634543415e-02
-3.455536538090e-02
-3.453440448103e-02
-3.451346271117e-02
-3.449254004800e-02
-3.447163646821e-02
-3.445075194856e-02
-3.442988646580e-02
-3.440903999675e-02
-3.438821251826e-02
-3.436740400721e-02
-3.434661444051e-02
-3.432584379511e-02
-3.430509204800e-02
-3.428435917620e-02
-3.426364515677e-02
-3.424294996680e-02
-3.422227358340e-02
-3.420161598375e-02
-3.418097714504e-02
-3.416035704450e-02
-3.413975565939e-02
-3.411917296701e-02
-3.409860894470e-02
-3.407806356982e-02
-3.405753681977e-02
-3.403702867199e-02
-3.401653910396e-02
-3.399606809317e-02
-3.397561561717e-02
-3.395518165352e-02
-3.393476617984e-02
-3.391436917376e-02
-3.389399061296e-02
-3.387363047515e-02
-3.385328873807e-02
-3.383296537950e-02
-3.381266037724e-02
-3.379237370913e-02
-3.377210535306e-02
-3.375185528693e-02
-3.373162348869e-02
-3.371140993631e-02
-3.369121460780e-02
-3.367103748120e-02
-3.365087853459e-02
-3.363073774608e-02
-3.361061509381e-02
-3.359051055595e-02
-3.357042411071e-02
-3.355035573634e-02
-3.353030541110e-02
-3.351027311330e-02
-3.349025882129e-02
-3.347026251342e-02
-3.345028416810e-02
-3.343032376377e-02
-3.341038127890e-02
-3.339045669199e-02
-3.337054998157e-02
-3.335066112621e-02
-3.333079010450e-02
-3.331093689507e-02
-3.329110147659e-02
-3.327128382774e-02
-3.325148392726e-02
-3.323170175389e-02
-3.321193728644e-02
-3.319219050371e-02
-3.317246138457e-02
-3.315274990789e-02
-3.313305605260e-02
-3.311337979764e-02
-3.309372112198e-02
-3.307408000464e-02
-3.305445642466e-02
-3.303485036112e-02
-3.301526179311e-02
-3.299569069977e-02
-3.297613706027e-02
-3.295660085381e-02
-3.293708205961e-02
-3.291758065694e-02
-3.289809662508e-02
-3.287862994335e-02
-3.285918059112e-02
-3.283974854775e-02
-3.282033379266e-02
-3.280093630531e-02
-3.278155606516e-02
-3.276219305171e-02
-3.274284724451e-02
-3.272351862312e-02
-3.270420716713e-02
-3.268491285618e-02
-3.266563566992e-02
-3.264637558804e-02
-3.262713259025e-02
-3.260790665631e-02
-3.258869776598e-02
-3.256950589909e-02
-3.255033103545e-02
-3.253117315496e-02
-3.251203223749e-02
-3.249290826298e-02
-3.247380121138e-02
-3.245471106269e-02
-3.243563779691e-02
-3.241658139409e-02
-3.239754183431e-02
-3.237851909768e-02
-3.235951316432e-02
-3.234052401440e-02
-3.232155162811e-02
-3.230259598567e-02
-3.228365706735e-02
-3.226473485340e-02
-3.224582932416e-02
-3.222694045994e-02
-3.220806824113e-02
-3.218921264811e-02
-3.217037366132e-02
-3.215155126121e-02
-3.213274542825e-02
-3.211395614297e-02
-3.209518338590e-02
-3.207642713761e-02
-3.205768737870e-02
-3.203896408979e-02
-3.202025725154e-02
-3.200156684464e-02
-3.198289284979e-02
-3.196423524773e-02
-3.194559401924e-02
-3.192696914510e-02
-3.190836060615e-02
-3.188976838323e-02
-3.187119245723e-02
-3.185263280906e-02
-3.183408941964e-02
-3.181556226996e-02
-3.179705134099e-02
-3.177855661376e-02
-3.176007806933e-02
-3.174161568875e-02
-3.172316945314e-02
-3.170473934364e-02
-3.168632534139e-02
-3.166792742758e-02
-3.164954558344e-02
-3.163117979019e-02
-3.161283002912e-02
-3.159449628151e-02
-3.157617852869e-02
-3.155787675201e-02
-3.153959093284e-02
-3.152132105260e-02
-3.150306709272e-02
-3.148482903465e-02
-3.146660685988e-02
-3.144840054993e-02
-3.143021008633e-02
-3.141203545066e-02
-3.139387662450e-02
-3.137573358948e-02
-3.135760632724e-02
-3.133949481947e-02
-3.132139904785e-02
-3.130331899412e-02
-3.128525464004e-02
-3.126720596737e-02
-3.124917295794e-02
-3.123115559357e-02
-3.121315385612e-02
-3.119516772748e-02
-3.117719718957e-02
-3.115924222431e-02
-3.114130281368e-02
-3.112337893967e-02
-3.110547058429e-02
-3.108757772959e-02
-3.106970035763e-02
-3.105183845052e-02
-3.103399199036e-02
-3.101616095932e-02
-3.099834533956e-02
-3.098054511329e-02
-3.096276026271e-02
-3.094499077010e-02
-3.092723661771e-02
-3.090949778786e-02
-3.089177426286e-02
-3.087406602508e-02
-3.085637305689e-02
-3.083869534069e-02
-3.082103285891e-02
-3.080338559401e-02
-3.078575352846e-02
-3.076813664477e-02
-3.075053492547e-02
-3.073294835312e-02
-3.071537691028e-02
-3.069782057958e-02
-3.068027934364e-02
-3.066275318511e-02
-3.064524208668e-02
-3.062774603105e-02
-3.061026500094e-02
-3.059279897912e-02
-3.057534794837e-02
-3.055791189148e-02
-3.054049079129e-02
-3.052308463065e-02
-3.050569339244e-02
-3.048831705956e-02
-3.047095561494e-02
-3.045360904152e-02
-3.043627732230e-02
-3.041896044026e-02
-3.040165837844e-02
-3.038437111987e-02
-3.036709864764e-02
-3.034984094484e-02
-3.033259799460e-02
-3.031536978005e-02
-3.029815628438e-02
-3.028095749077e-02
-3.026377338245e-02
-3.024660394265e-02
-3.022944915464e-02
-3.021230900171e-02
-3.019518346718e-02
-3.017807253438e-02
-3.016097618667e-02
-3.014389440745e-02
-3.012682718011e-02
-3.010977448809e-02
-3.009273631486e-02
-3.007571264388e-02
-3.005870345866e-02
-3.004170874272e-02
-3.002472847963e-02
-3.000776265294e-02
-2.999081124627e-02
-2.997387424322e-02
-2.995695162745e-02
-2.994004338261e-02
-2.992314949241e-02
-2.990626994054e-02
-2.988940471076e-02
-2.987255378681e-02
-2.985571715249e-02
-2.983889479159e-02
-2.982208668795e-02
-2.980529282542e-02
-2.978851318786e-02
-2.977174775919e-02
-2.975499652331e-02
-2.973825946418e-02
-2.972153656575e-02
-2.970482781202e-02
-2.968813318699e-02
-2.967145267471e-02
-2.965478625922e-02
-2.963813392461e-02
-2.962149565497e-02
-2.960487143443e-02
-2.958826124714e-02
-2.957166507726e-02
-2.955508290899e-02
-2.953851472654e-02
-2.952196051415e-02
-2.950542025606e-02
-2.948889393657e-02
-2.947238153997e-02
-2.945588305059e-02
-2.943939845278e-02
-2.942292773090e-02
-2.940647086934e-02
-2.939002785252e-02
-2.937359866487e-02
-2.935718329085e-02
-2.934078171493e-02
-2.932439392162e-02
-2.930801989544e-02
-2.929165962092e-02
-2.927531308265e-02
-2.925898026519e-02
-2.924266115317e-02
-2.922635573121e-02
-2.921006398396e-02
-2.919378589611e-02
-2.917752145233e-02
-2.916127063735e-02
-2.914503343591e-02
-2.912880983276e-02
-2.911259981269e-02
-2.909640336050e-02
-2.908022046101e-02
-2.906405109906e-02
-2.904789525953e-02
-2.903175292729e-02
-2.901562408726e-02
-2.899950872437e-02
-2.898340682356e-02
-2.896731836980e-02
-2.895124334810e-02
-2.893518174345e-02
-2.891913354091e-02
-2.890309872551e-02
-2.888707728234e-02
-2.887106919649e-02
-2.885507445309e-02
-2.883909303726e-02
-2.882312493418e-02
-2.880717012901e-02
-2.879122860696e-02
-2.877530035324e-02
-2.875938535311e-02
-2.874348359183e-02
-2.872759505466e-02
-2.871171972693e-02
-2.869585759395e-02
-2.868000864106e-02
-2.866417285364e-02
-2.864835021706e-02
-2.863254071673e-02
-2.861674433808e-02
-2.860096106655e-02
-2.858519088760e-02
-2.856943378673e-02
-2.855368974944e-02
-2.853795876125e-02
-2.852224080771e-02
-2.850653587439e-02
-2.849084394688e-02
-2.847516501077e-02
-2.845949905171e-02
-2.844384605532e-02
-2.842820600728e-02
-2.841257889328e-02
-2.839696469902e-02
-2.838136341022e-02
-2.836577501264e-02
-2.835019949203e-02
-2.833463683418e-02
-2.831908702490e-02
-2.830355005000e-02
-2.828802589534e-02
-2.827251454677e-02
-2.825701599018e-02
-2.824153021147e-02
-2.822605719657e-02
-2.821059693140e-02
-2.819514940194e-02
-2.817971459415e-02
-2.816429249405e-02
-2.814888308765e-02
-2.813348636099e-02
-2.811810230011e-02
-2.810273089111e-02
-2.808737212007e-02
-2.807202597311e-02
-2.805669243637e-02
-2.804137149599e-02
-2.802606313814e-02
-2.801076734902e-02
-2.799548411484e-02
-2.798021342182e-02
-2.796495525621e-02
-2.794970960428e-02
-2.793447645231e-02
-2.791925578661e-02
-2.790404759350e-02
-2.788885185932e-02
-2.787366857043e-02
-2.785849771321e-02
-2.784333927406e-02
-2.782819323939e-02
-2.781305959563e-02
-2.779793832925e-02
-2.778282942672e-02
-2.776773287451e-02
-2.775264865915e-02
-2.773757676716e-02
-2.772251718508e-02
-2.770746989949e-02
-2.769243489695e-02
-2.767741216408e-02
-2.766240168749e-02
-2.764740345382e-02
-2.763241744973e-02
-2.761744366188e-02
-2.760248207698e-02
-2.758753268172e-02
-2.757259546285e-02
-2.755767040710e-02
-2.754275750124e-02
-2.752785673205e-02
-2.751296808634e-02
-2.749809155091e-02
-2.748322711262e-02
-2.746837475831e-02
-2.745353447485e-02
-2.743870624914e-02
-2.742389006807e-02
-2.740908591859e-02
-2.739429378763e-02
-2.737951366215e-02
-2.736474552913e-02
-2.734998937558e-02
-2.733524518849e-02
-2.732051295491e-02
-2.730579266188e-02
-2.729108429647e-02
-2.727638784577e-02
-2.726170329688e-02
-2.724703063691e-02
-2.723236985301e-02
-2.721772093233e-02
-2.720308386203e-02
-2.718845862932e-02
-2.717384522139e-02
-2.715924362547e-02
-2.714465382881e-02
-2.713007581865e-02
-2.711550958228e-02
-2.710095510699e-02
-2.708641238008e-02
-2.707188138889e-02
-2.705736212076e-02
-2.704285456305e-02
-2.702835870314e-02
-2.701387452843e-02
-2.699940202632e-02
-2.698494118425e-02
-2.697049198966e-02
-2.695605443002e-02
-2.694162849281e-02
-2.692721416552e-02
-2.691281143566e-02
-2.689842029078e-02
-2.688404071841e-02
-2.686967270612e-02
-2.685531624149e-02
-2.684097131213e-02
-2.682663790563e-02
-2.681231600964e-02
-2.679800561180e-02
-2.678370669978e-02
-2.676941926125e-02
-2.675514328392e-02
-2.674087875550e-02
-2.672662566372e-02
-2.671238399632e-02
-2.669815374107e-02
-2.668393488575e-02
-2.666972741816e-02
-2.665553132610e-02
-2.664134659741e-02
-2.662717321993e-02
-2.661301118152e-02
-2.659886047006e-02
-2.658472107345e-02
-2.657059297959e-02
-2.655647617641e-02
-2.654237065185e-02
-2.652827639387e-02
-2.651419339046e-02
-2.650012162958e-02
-2.648606109926e-02
-2.647201178752e-02
-2.645797368239e-02
-2.644394677193e-02
-2.642993104421e-02
-2.641592648731e-02
-2.640193308935e-02
-2.638795083843e-02
-2.637397972270e-02
-2.636001973029e-02
-2.634607084938e-02
-2.633213306816e-02
-2.631820637480e-02
-2.630429075754e-02
-2.629038620459e-02
-2.627649270421e-02
-2.626261024465e-02
-2.624873881419e-02
-2.623487840111e-02
-2.622102899373e-02
-2.620719058037e-02
-2.619336314936e-02
-2.617954668907e-02
-2.616574118785e-02
-2.615194663409e-02
-2.613816301620e-02
-2.612439032258e-02
-2.611062854166e-02
-2.609687766191e-02
-2.608313767176e-02
-2.606940855970e-02
-2.605569031423e-02
-2.604198292385e-02
-2.602828637707e-02
-2.601460066244e-02
-2.600092576852e-02
-2.598726168386e-02
-2.597360839705e-02
-2.595996589669e-02
-2.594633417139e-02
-2.593271320979e-02
-2.591910300051e-02
-2.590550353222e-02
-2.589191479360e-02
-2.587833677333e-02
-2.586476946011e-02
-2.585121284266e-02
-2.583766690972e-02
-2.582413165003e-02
-2.581060705236e-02
-2.579709310547e-02
-2.578358979817e-02
-2.577009711926e-02
-2.575661505756e-02
-2.574314360191e-02
-2.572968274115e-02
-2.571623246416e-02
-2.570279275982e-02
-2.568936361701e-02
-2.567594502466e-02
-2.566253697167e-02
-2.564913944700e-02
-2.563575243959e-02
-2.562237593842e-02
-2.560900993245e-02
-2.559565441070e-02
-2.558230936217e-02
-2.556897477589e-02
-2.555565064090e-02
-2.554233694624e-02
-2.552903368100e-02
-2.551574083425e-02
-2.550245839509e-02
-2.548918635263e-02
-2.547592469600e-02
-2.546267341434e-02
-2.544943249679e-02
-2.543620193254e-02
-2.542298171077e-02
-2.540977182066e-02
-2.539657225143e-02
-2.538338299231e-02
-2.537020403253e-02
-2.535703536135e-02
-2.534387696804e-02
-2.533072884187e-02
-2.531759097214e-02
-2.530446334817e-02
-2.529134595927e-02
-2.527823879477e-02
-2.526514184405e-02
-2.525205509644e-02
-2.523897854135e-02
-2.522591216815e-02
-2.521285596626e-02
-2.519980992509e-02
-2.518677403408e-02
-2.517374828268e-02
-2.516073266034e-02
-2.514772715655e-02
-2.513473176079e-02
-2.512174646257e-02
-2.510877125140e-02
-2.509580611680e-02
-2.508285104834e-02
-2.506990603555e-02
-2.505697106802e-02
-2.504404613532e-02
-2.503113122706e-02
-2.501822633284e-02
-2.500533144229e-02
-2.499244654505e-02
-2.497957163077e-02
-2.496670668911e-02
-2.495385170975e-02
-2.494100668240e-02
-2.492817159674e-02
-2.491534644249e-02
-2.490253120940e-02
-2.488972588721e-02
-2.487693046566e-02
-2.486414493455e-02
-2.485136928364e-02
-2.483860350274e-02
-2.482584758166e-02
-2.481310151022e-02
-2.480036527826e-02
-2.478763887564e-02
-2.477492229221e-02
-2.476221551785e-02
-2.474951854245e-02
-2.473683135592e-02
-2.472415394817e-02
-2.471148630914e-02
-2.469882842875e-02
-2.468618029697e-02
-2.467354190377e-02
-2.466091323912e-02
-2.464829429302e-02
-2.463568505548e-02
-2.462308551652e-02
-2.461049566616e-02
-2.459791549445e-02
-2.458534499146e-02
-2.457278414725e-02
-2.456023295191e-02
-2.454769139553e-02
-2.453515946822e-02
-2.452263716010e-02
-2.451012446131e-02
-2.449762136199e-02
-2.448512785231e-02
-2.447264392244e-02
-2.446016956255e-02
-2.444770476286e-02
-2.443524951357e-02
-2.442280380489e-02
-2.441036762708e-02
-2.439794097037e-02
-2.438552382502e-02
-2.437311618131e-02
-2.436071802953e-02
-2.434832935997e-02
-2.433595016293e-02
-2.432358042875e-02
-2.431122014776e-02
-2.429886931031e-02
-2.428652790675e-02
-2.427419592745e-02
-2.426187336281e-02
-2.424956020321e-02
-2.423725643907e-02
-2.422496206081e-02
-2.421267705886e-02
-2.420040142366e-02
-2.418813514568e-02
-2.417587821537e-02
-2.416363062324e-02
-2.415139235976e-02
-2.413916341545e-02
-2.412694378082e-02
-2.411473344640e-02
-2.410253240274e-02
-2.409034064039e-02
-2.407815814992e-02
-2.406598492190e-02
-2.405382094693e-02
-2.404166621560e-02
-2.402952071854e-02
-2.401738444637e-02
-2.400525738972e-02
-2.399313953926e-02
-2.398103088563e-02
-2.396893141951e-02
-2.395684113160e-02
-2.394476001258e-02
-2.393268805316e-02
-2.392062524408e-02
-2.390857157605e-02
-2.389652703983e-02
-2.388449162617e-02
-2.387246532583e-02
-2.386044812961e-02
-2.384844002829e-02
-2.383644101266e-02
-2.382445107356e-02
-2.381247020181e-02
-2.380049838823e-02
-2.378853562369e-02
-2.377658189904e-02
-2.376463720516e-02
-2.375270153292e-02
-2.374077487324e-02
-2.372885721700e-02
-2.371694855514e-02
-2.370504887859e-02
-2.369315817827e-02
-2.368127644516e-02
-2.366940367021e-02
-2.365753984439e-02
-2.364568495870e-02
-2.363383900414e-02
-2.362200197170e-02
-2.361017385243e-02
-2.359835463734e-02
-2.358654431749e-02
-2.357474288392e-02
-2.356295032771e-02
-2.355116663993e-02
-2.353939181167e-02
-2.352762583403e-02
-2.351586869813e-02
-2.350412039508e-02
-2.349238091602e-02
-2.348065025209e-02
-2.346892839445e-02
-2.345721533428e-02
-2.344551106273e-02
-2.343381557101e-02
-2.342212885032e-02
-2.341045089187e-02
-2.339878168687e-02
-2.338712122656e-02
-2.337546950220e-02
-2.336382650502e-02
-2.335219222631e-02
-2.334056665733e-02
-2.332894978937e-02
-2.331734161374e-02
-2.330574212174e-02
-2.329415130470e-02
-2.328256915395e-02
-2.327099566082e-02
-2.325943081668e-02
-2.324787461288e-02
-2.323632704081e-02
-2.322478809184e-02
-2.321325775738e-02
-2.320173602883e-02
-2.319022289761e-02
-2.317871835515e-02
-2.316722239289e-02
-2.315573500228e-02
-2.314425617477e-02
-2.313278590185e-02
-2.312132417500e-02
-2.310987098569e-02
-2.309842632545e-02
-2.308699018578e-02
-2.307556255821e-02
-2.306414343428e-02
-2.305273280552e-02
-2.304133066350e-02
-2.302993699978e-02
-2.301855180594e-02
-2.300717507356e-02
-2.299580679426e-02
-2.298444695962e-02
-2.297309556128e-02
-2.296175259086e-02
-2.295041804000e-02
-2.293909190035e-02
-2.292777416357e-02
-2.291646482134e-02
-2.290516386534e-02
-2.289387128725e-02
-2.288258707878e-02
-2.287131123163e-02
-2.286004373755e-02
-2.284878458824e-02
-2.283753377547e-02
-2.282629129098e-02
-2.281505712653e-02
-2.280383127390e-02
