-8.581306588774e-01
-8.581282123624e-01
-8.581241348496e-01
-8.581184263576e-01
-8.581110869122e-01
-8.581021165465e-01
-8.580915153013e-01
-8.580792832243e-01
-8.580654203712e-01
-8.580499268045e-01
-8.580328025944e-01
-8.580140478184e-01
-8.579936625614e-01
-8.579716469157e-01
-8.579480009810e-01
-8.579227248644e-01
-8.578958186802e-01
-8.578672825503e-01
-8.578371166040e-01
-8.578053209778e-01
-8.577718958158e-01
-8.577368412693e-01
-8.577001574973e-01
-8.576618446658e-01
-8.576219029485e-01
-8.575803325263e-01
-8.575371335876e-01
-8.574923063284e-01
-8.574458509516e-01
-8.573977676680e-01
-8.573480566956e-01
-8.572967182598e-01
-8.572437525934e-01
-8.571891599367e-01
-8.571329405373e-01
-8.570750946504e-01
-8.570156225384e-01
-8.569545244712e-01
-8.568918007262e-01
-8.568274515882e-01
-8.567614773494e-01
-8.566938783094e-01
-8.566246547753e-01
-8.565538070616e-01
-8.564813354902e-01
-8.564072403906e-01
-8.563315220995e-01
-8.562541809613e-01
-8.561752173276e-01
-8.560946315577e-01
-8.560124240182e-01
-8.559285950832e-01
-8.558431451342e-01
-8.557560745604e-01
-8.556673837581e-01
-8.555770731314e-01
-8.554851430918e-01
-8.553915940580e-01
-8.552964264566e-01
-8.551996407214e-01
-8.551012372939e-01
-8.550012166229e-01
-8.548995791647e-01
-8.547963253833e-01
-8.546914557500e-01
-8.545849707437e-01
-8.544768708508e-01
-8.543671565653e-01
-8.542558283886e-01
-8.541428868296e-01
-8.540283324048e-01
-8.539121656382e-01
-8.537943870615e-01
-8.536749972137e-01
-8.535539966414e-01
-8.534313858989e-01
-8.533071655479e-01
-8.531813361577e-01
-8.530538983052e-01
-8.529248525748e-01
-8.527941995585e-01
-8.526619398560e-01
-8.525280740744e-01
-8.523926028285e-01
-8.522555267406e-01
-8.521168464407e-01
-8.519765625662e-01
-8.518346757625e-01
-8.516911866822e-01
-8.515460959858e-01
-8.513994043412e-01
-8.512511124241e-01
-8.511012209177e-01
-8.509497305130e-01
-8.507966419084e-01
-8.506419558103e-01
-8.504856729324e-01
-8.503277939963e-01
-8.501683197311e-01
-8.500072508736e-01
-8.498445881685e-01
-8.496803323678e-01
-8.495144842315e-01
-8.493470445272e-01
-8.491780140301e-01
-8.490073935233e-01
-8.488351837973e-01
-8.486613856506e-01
-8.484859998895e-01
-8.483090273276e-01
-8.481304687866e-01
-8.479503250958e-01
-8.477685970924e-01
-8.475852856211e-01
-8.474003915346e-01
-8.472139156931e-01
-8.470258589648e-01
-8.468362222256e-01
-8.466450063592e-01
-8.464522122571e-01
-8.462578408185e-01
-8.460618929504e-01
-8.458643695679e-01
-8.456652715935e-01
-8.454645999578e-01
-8.452623555991e-01
-8.450585394636e-01
-8.448531525053e-01
-8.446461956860e-01
-8.444376699756e-01
-8.442275763515e-01
-8.440159157992e-01
-8.438026893121e-01
-8.435878978913e-01
-8.433715425459e-01
-8.431536242930e-01
-8.429341441573e-01
-8.427131031716e-01
-8.424905023768e-01
-8.422663428214e-01
-8.420406255619e-01
-8.418133516629e-01
-8.415845221968e-01
-8.413541382440e-01
-8.411222008928e-01
-8.408887112395e-01
-8.406536703884e-01
-8.404170794517e-01
-8.401789395497e-01
-8.399392518106e-01
-8.396980173707e-01
-8.394552373740e-01
-8.392109129730e-01
-8.389650453278e-01
-8.387176356068e-01
-8.384686849862e-01
-8.382181946505e-01
-8.379661657920e-01
-8.377125996112e-01
-8.374574973167e-01
-8.372008601250e-01
-8.369426892608e-01
-8.366829859569e-01
-8.364217514541e-01
-8.361589870014e-01
-8.358946938559e-01
-8.356288732826e-01
-8.353615265549e-01
-8.350926549543e-01
-8.348222597702e-01
-8.345503423004e-01
-8.342769038506e-01
-8.340019457350e-01
-8.337254692757e-01
-8.334474758029e-01
-8.331679666553e-01
-8.328869431795e-01
-8.326044067303e-01
-8.323203586710e-01
-8.320348003727e-01
-8.317477332151e-01
-8.314591585858e-01
-8.311690778808e-01
-8.308774925042e-01
-8.305844038686e-01
-8.302898133946e-01
-8.299937225112e-01
-8.296961326556e-01
-8.293970452732e-01
-8.290964618178e-01
-8.287943837515e-01
-8.284908125452e-01
-8.281857496764e-01
-8.278791966325e-01
-8.275711549089e-01
-8.272616260091e-01
-8.269506114451e-01
-8.266381127370e-01
-8.263241314135e-01
-8.260086690115e-01
-8.256917270763e-01
-8.253733071616e-01
-8.250534108293e-01
-8.247320396498e-01
-8.244091952020e-01
-8.240848790730e-01
-8.237590928583e-01
-8.234318381620e-01
-8.231031165964e-01
-8.227729297823e-01
-8.224412793489e-01
-8.221081669339e-01
-8.217735941834e-01
-8.214375627518e-01
-8.211000743021e-01
-8.207611305059e-01
-8.204207330428e-01
-8.200788836015e-01
-8.197355838785e-01
-8.193908355794e-01
-8.190446404178e-01
-8.186970001160e-01
-8.183479164049e-01
-8.179973910238e-01
-8.176454257204e-01
-8.172920222511e-01
-8.169371823808e-01
-8.165809078827e-01
-8.162232005389e-01
-8.158640621397e-01
-8.155034944843e-01
-8.151414993801e-01
-8.147780786432e-01
-8.144132340983e-01
-8.140469675787e-01
-8.136792809262e-01
-8.133101759911e-01
-8.129396546325e-01
-8.125677187180e-01
-8.121943701236e-01
-8.118196107342e-01
-8.114434424431e-01
-8.110658671524e-01
-8.106868867726e-01
-8.103065032230e-01
-8.099247184313e-01
-8.095415343342e-01
-8.091569528766e-01
-8.087709760124e-01
-8.083836057039e-01
-8.079948439222e-01
-8.076046926470e-01
-8.072131538667e-01
-8.068202295782e-01
-8.064259217873e-01
-8.060302325082e-01
-8.056331637642e-01
-8.052347175867e-01
-8.048348960163e-01
-8.044337011019e-01
-8.040311349015e-01
-8.036271994813e-01
-8.032218969166e-01
-8.028152292913e-01
-8.024071986978e-01
-8.019978072374e-01
-8.015870570201e-01
-8.011749501647e-01
-8.007614887983e-01
-8.003466750573e-01
-7.999305110865e-01
-7.995129990393e-01
-7.990941410780e-01
-7.986739393733e-01
-7.982523961058e-01
-7.978295134635e-01
-7.974052936437e-01
-7.969797388522e-01
-7.965528513038e-01
-7.961246332219e-01
-7.956950868386e-01
-7.952642143950e-01
-7.948320181406e-01
-7.943985003339e-01
-7.939636632421e-01
-7.935275091410e-01
-7.930900403153e-01
-7.926512590585e-01
-7.922111676727e-01
-7.917697684688e-01
-7.913270637664e-01
-7.908830558942e-01
-7.904377471891e-01
-7.899911399973e-01
-7.895432366733e-01
-7.890940395806e-01
-7.886435510914e-01
-7.881917735868e-01
-7.877387094563e-01
-7.872843610985e-01
-7.868287309207e-01
-7.863718213387e-01
-7.859136347774e-01
-7.854541736702e-01
-7.849934404593e-01
-7.845314375957e-01
-7.840681675392e-01
-7.836036327582e-01
-7.831378357299e-01
-7.826707789403e-01
-7.822024648841e-01
-7.817328960647e-01
-7.812620749943e-01
-7.807900041938e-01
-7.803166861928e-01
-7.798421235297e-01
-7.793663187515e-01
-7.788892744141e-01
-7.784109930820e-01
-7.779314773284e-01
-7.774507297353e-01
-7.769687528933e-01
-7.764855494018e-01
-7.760011218689e-01
-7.755154729117e-01
-7.750286051547e-01
-7.745405212327e-01
-7.740512237883e-01
-7.735607154731e-01
-7.730689989473e-01
-7.725760768796e-01
-7.720819519476e-01
-7.715866268374e-01
-7.710901042438e-01
-7.705923868703e-01
-7.700934774289e-01
-7.695933786403e-01
-7.690920932340e-01
-7.685896239478e-01
-7.680859735283e-01
-7.675811447307e-01
-7.670751403188e-01
-7.665679630650e-01
-7.660596157502e-01
-7.655501011640e-01
-7.650394221044e-01
-7.645275813782e-01
-7.640145818004e-01
-7.635004261950e-01
-7.629851173942e-01
-7.624686582388e-01
-7.619510515782e-01
-7.614323002703e-01
-7.609124071813e-01
-7.603913751861e-01
-7.598692071682e-01
-7.593459060192e-01
-7.588214746394e-01
-7.582959159375e-01
-7.577692328308e-01
-7.572414282447e-01
-7.567125051133e-01
-7.561824663790e-01
-7.556513149926e-01
-7.551190539132e-01
-7.545856861086e-01
-7.540512145545e-01
-7.535156422352e-01
-7.529789721435e-01
-7.524412072801e-01
-7.519023506544e-01
-7.513624052840e-01
-7.508213741946e-01
-7.502792604203e-01
-7.497360670036e-01
-7.491917969951e-01
-7.486464534536e-01
-7.481000394461e-01
-7.475525580480e-01
-7.470040123426e-01
-7.464544054217e-01
-7.459037403849e-01
-7.453520203404e-01
-7.447992484040e-01
-7.442454276999e-01
-7.436905613605e-01
-7.431346525261e-01
-7.425777043450e-01
-7.420197199738e-01
-7.414607025769e-01
-7.409006553268e-01
-7.403395814040e-01
-7.397774839970e-01
-7.392143663022e-01
-7.386502315239e-01
-7.380850828745e-01
-7.375189235742e-01
-7.369517568510e-01
-7.363835859409e-01
-7.358144140877e-01
-7.352442445430e-01
-7.346730805662e-01
-7.341009254247e-01
-7.335277823933e-01
-7.329536547548e-01
-7.323785457997e-01
-7.318024588262e-01
-7.312253971401e-01
-7.306473640549e-01
-7.300683628918e-01
-7.294883969797e-01
-7.289074696548e-01
-7.283255842612e-01
-7.277427441503e-01
-7.271589526813e-01
-7.265742132206e-01
-7.259885291423e-01
-7.254019038280e-01
-7.248143406664e-01
-7.242258430541e-01
-7.236364143947e-01
-7.230460580994e-01
-7.224547775865e-01
-7.218625762819e-01
-7.212694576185e-01
-7.206754250367e-01
-7.200804819840e-01
-7.194846319152e-01
-7.188878782922e-01
-7.182902245841e-01
-7.176916742672e-01
-7.170922308247e-01
-7.164918977471e-01
-7.158906785319e-01
-7.152885766834e-01
-7.146855957133e-01
-7.140817391398e-01
-7.134770104884e-01
-7.128714132914e-01
-7.122649510879e-01
-7.116576274240e-01
-7.110494458523e-01
-7.104404099327e-01
-7.098305232313e-01
-7.092197893213e-01
-7.086082117826e-01
-7.079957942015e-01
-7.073825401711e-01
-7.067684532912e-01
-7.061535371680e-01
-7.055377954140e-01
-7.049212316492e-01
-7.043038494990e-01
-7.036856525956e-01
-7.030666445777e-01
-7.024468290902e-01
-7.018262097847e-01
-7.012047903186e-01
-7.005825743559e-01
-6.999595655669e-01
-6.993357676278e-01
-6.987111842212e-01
-6.980858190359e-01
-6.974596757665e-01
-6.968327581139e-01
-6.962050697850e-01
-6.955766144926e-01
-6.949473959556e-01
-6.943174178986e-01
-6.936866840523e-01
-6.930551981531e-01
-6.924229639433e-01
-6.917899851709e-01
-6.911562655896e-01
-6.905218089589e-01
-6.898866190439e-01
-6.892506996152e-01
-6.886140544492e-01
-6.879766873277e-01
-6.873386020380e-01
-6.866998023728e-01
-6.860602921303e-01
-6.854200751142e-01
-6.847791551331e-01
-6.841375360015e-01
-6.834952215386e-01
-6.828522155691e-01
-6.822085219229e-01
-6.815641444349e-01
-6.809190869450e-01
-6.802733532984e-01
-6.796269473451e-01
-6.789798729401e-01
-6.783321339434e-01
-6.776837342198e-01
-6.770346776388e-01
-6.763849680749e-01
-6.757346094073e-01
-6.750836055201e-01
-6.744319603011e-01
-6.737796776437e-01
-6.731267614456e-01
-6.724732156090e-01
-6.718190440404e-01
-6.711642506509e-01
-6.705088393560e-01
-6.698528140753e-01
-6.691961787329e-01
-6.685389372571e-01
-6.678810935802e-01
-6.672226516390e-01
-6.665636153740e-01
-6.659039887299e-01
-6.652437756556e-01
-6.645829801036e-01
-6.639216060305e-01
-6.632596573967e-01
-6.625971381665e-01
-6.619340523077e-01
-6.612704037921e-01
-6.606061965949e-01
-6.599414346952e-01
-6.592761220752e-01
-6.586102627211e-01
-6.579438606222e-01
-6.572769197713e-01
-6.566094441647e-01
-6.559414378017e-01
-6.552729046850e-01
-6.546038488206e-01
-6.539342742176e-01
-6.532641848879e-01
-6.525935848468e-01
-6.519224781124e-01
-6.512508687059e-01
-6.505787606510e-01
-6.499061579748e-01
-6.492330647066e-01
-6.485594848787e-01
-6.478854225261e-01
-6.472108816863e-01
-6.465358663993e-01
-6.458603807078e-01
-6.451844286569e-01
-6.445080142938e-01
-6.438311416685e-01
-6.431538148328e-01
-6.424760378411e-01
-6.417978147497e-01
-6.411191496173e-01
-6.404400465045e-01
-6.397605094737e-01
-6.390805425895e-01
-6.384001499184e-01
-6.377193355286e-01
-6.370381034902e-01
-6.363564578747e-01
-6.356744027558e-01
-6.349919422082e-01
-6.343090803086e-01
-6.336258211350e-01
-6.329421687668e-01
-6.322581272848e-01
-6.315737007712e-01
-6.308888933093e-01
-6.302037089836e-01
-6.295181518799e-01
-6.288322260849e-01
-6.281459356864e-01
-6.274592847732e-01
-6.267722774347e-01
-6.260849177616e-01
-6.253972098450e-01
-6.247091577770e-01
-6.240207656500e-01
-6.233320375573e-01
-6.226429775927e-01
-6.219535898503e-01
-6.212638784248e-01
-6.205738474111e-01
-6.198835009045e-01
-6.191928430005e-01
-6.185018777948e-01
-6.178106093831e-01
-6.171190418612e-01
-6.164271793250e-01
-6.157350258702e-01
-6.150425855922e-01
-6.143498625867e-01
-6.136568609485e-01
-6.129635847726e-01
-6.122700381533e-01
-6.115762251845e-01
-6.108821499598e-01
-6.101878165720e-01
-6.094932291132e-01
-6.087983916751e-01
-6.081033083484e-01
-6.074079832229e-01
-6.067124203878e-01
-6.060166239311e-01
-6.053205979400e-01
-6.046243465002e-01
-6.039278736969e-01
-6.032311836135e-01
-6.025342803324e-01
-6.018371679346e-01
-6.011398504999e-01
-6.004423321063e-01
-5.997446168306e-01
-5.990467087476e-01
-5.983486119310e-01
-5.976503304523e-01
-5.969518683815e-01
-5.962532297866e-01
-5.955544187337e-01
-5.948554392871e-01
-5.941562955088e-01
-5.934569914589e-01
-5.927575311953e-01
-5.920579187736e-01
-5.913581582471e-01
-5.906582536669e-01
-5.899582090814e-01
-5.892580285367e-01
-5.885577160764e-01
-5.878572757412e-01
-5.871567115696e-01
-5.864560275968e-01
-5.857552278556e-01
-5.850543163757e-01
-5.843532971839e-01
-5.836521743042e-01
-5.829509517572e-01
-5.822496335606e-01
-5.815482237287e-01
-5.808467262729e-01
-5.801451452008e-01
-5.794434845169e-01
-5.787417482223e-01
-5.780399403143e-01
-5.773380647869e-01
-5.766361256303e-01
-5.759341268310e-01
-5.752320723717e-01
-5.745299662313e-01
-5.738278123848e-01
-5.731256148033e-01
-5.724233774536e-01
-5.717211042987e-01
-5.710187992972e-01
-5.703164664037e-01
-5.696141095684e-01
-5.689117327371e-01
-5.682093398511e-01
-5.675069348475e-01
-5.668045216585e-01
-5.661021042121e-01
-5.653996864312e-01
-5.646972722343e-01
-5.639948655349e-01
-5.632924702417e-01
-5.625900902584e-01
-5.618877294839e-01
-5.611853918118e-01
-5.604830811308e-01
-5.597808013243e-01
-5.590785562704e-01
-5.583763498420e-01
-5.576741859067e-01
-5.569720683266e-01
-5.562700009581e-01
-5.555679876524e-01
-5.548660322548e-01
-5.541641386050e-01
-5.534623105372e-01
-5.527605518793e-01
-5.520588664539e-01
-5.513572580772e-01
-5.506557305597e-01
-5.499542877057e-01
-5.492529333136e-01
-5.485516711753e-01
-5.478505050767e-01
-5.471494387974e-01
-5.464484761105e-01
-5.457476207830e-01
-5.450468765750e-01
-5.443462472405e-01
-5.436457365265e-01
-5.429453481736e-01
-5.422450859156e-01
-5.415449534797e-01
-5.408449545860e-01
-5.401450929478e-01
-5.394453722716e-01
-5.387457962568e-01
-5.380463685956e-01
-5.373470929732e-01
-5.366479730677e-01
-5.359490125499e-01
-5.352502150831e-01
-5.345515843236e-01
-5.338531239200e-01
-5.331548375135e-01
-5.324567287380e-01
-5.317588012195e-01
-5.310610585764e-01
-5.303635044197e-01
-5.296661423523e-01
-5.289689759695e-01
-5.282720088587e-01
-5.275752445992e-01
-5.268786867627e-01
-5.261823389125e-01
-5.254862046040e-01
-5.247902873845e-01
-5.240945907930e-01
-5.233991183603e-01
-5.227038736089e-01
-5.220088600530e-01
-5.213140811982e-01
-5.206195405419e-01
-5.199252415729e-01
-5.192311877713e-01
-5.185373826088e-01
-5.178438295482e-01
-5.171505320439e-01
-5.164574935411e-01
-5.157647174766e-01
-5.150722072780e-01
-5.143799663643e-01
-5.136879981451e-01
-5.129963060214e-01
-5.123048933849e-01
-5.116137636182e-01
-5.109229200948e-01
-5.102323661789e-01
-5.095421052254e-01
-5.088521405800e-01
-5.081624755790e-01
-5.074731135492e-01
-5.067840578080e-01
-5.060953116634e-01
-5.054068784136e-01
-5.047187613474e-01
-5.040309637439e-01
-5.033434888725e-01
-5.026563399928e-01
-5.019695203546e-01
-5.012830331981e-01
-5.005968817534e-01
-4.999110692407e-01
-4.992255988703e-01
-4.985404738425e-01
-4.978556973475e-01
-4.971712725654e-01
-4.964872026663e-01
-4.958034908099e-01
-4.951201401458e-01
-4.944371538134e-01
-4.937545349417e-01
-4.930722866494e-01
-4.923904120447e-01
-4.917089142256e-01
-4.910277962794e-01
-4.903470612830e-01
-4.896667123015e-01
-4.889867523933e-01
-4.883071846021e-01
-4.876280119626e-01
-4.869492374984e-01
-4.862708642226e-01
-4.855928951375e-01
-4.849153332345e-01
-4.842381814942e-01
-4.835614428864e-01
-4.828851203699e-01
-4.822092168925e-01
-4.815337353910e-01
-4.808586787913e-01
-4.801840500082e-01
-4.795098519453e-01
-4.788360874952e-01
-4.781627595392e-01
-4.774898709476e-01
-4.768174245793e-01
-4.761454232820e-01
-4.754738698921e-01
-4.748027672347e-01
-4.741321181236e-01
-4.734619253610e-01
-4.727921917380e-01
-4.721229200339e-01
-4.714541130168e-01
-4.707857734433e-01
-4.701179040582e-01
-4.694505075950e-01
-4.687835867755e-01
-4.681171443099e-01
-4.674511828968e-01
-4.667857052230e-01
-4.661207139638e-01
-4.654562117826e-01
-4.647922013310e-01
-4.641286852491e-01
-4.634656661650e-01
-4.628031466949e-01
-4.621411294433e-01
-4.614796170029e-01
-4.608186119542e-01
-4.601581168661e-01
-4.594981342954e-01
-4.588386667868e-01
-4.581797168734e-01
-4.575212870759e-01
-4.568633799032e-01
-4.562059978520e-01
-4.555491434070e-01
-4.548928190409e-01
-4.542370272141e-01
-4.535817703750e-01
-4.529270509599e-01
-4.522728713927e-01
-4.516192340854e-01
-4.509661414375e-01
-4.503135958366e-01
-4.496615996578e-01
-4.490101552642e-01
-4.483592650062e-01
-4.477089312225e-01
-4.470591562389e-01
-4.464099423694e-01
-4.457612919154e-01
-4.451132071658e-01
-4.444656903976e-01
-4.438187438751e-01
-4.431723698502e-01
-4.425265705625e-01
-4.418813482393e-01
-4.412367050952e-01
-4.405926433326e-01
-4.399491651414e-01
-4.393062726990e-01
-4.386639681704e-01
-4.380222537080e-01
-4.373811314519e-01
-4.367406035296e-01
-4.361006720561e-01
-4.354613391338e-01
-4.348226068529e-01
-4.341844772907e-01
-4.335469525122e-01
-4.329100345698e-01
-4.322737255033e-01
-4.316380273400e-01
-4.310029420948e-01
-4.303684717697e-01
-4.297346183544e-01
-4.291013838259e-01
-4.284687701488e-01
-4.278367792749e-01
-4.272054131435e-01
-4.265746736814e-01
-4.259445628027e-01
-4.253150824090e-01
-4.246862343893e-01
-4.240580206211e-01
-4.234304429659e-01
-4.228035032760e-01
-4.221772033900e-01
-4.215515451341e-01
-4.209265303215e-01
-4.203021607531e-01
-4.196784382173e-01
-4.190553644895e-01
-4.184329413330e-01
-4.178111704981e-01
-4.171900537229e-01
-4.165695927326e-01
-4.159497892400e-01
-4.153306449453e-01
-4.147121615361e-01
-4.140943406875e-01
-4.134771840620e-01
-4.128606933095e-01
-4.122448700675e-01
-4.116297159609e-01
-4.110152326019e-01
-4.104014215905e-01
-4.097882845138e-01
-4.091758229468e-01
-4.085640384516e-01
-4.079529325781e-01
-4.073425068636e-01
-4.067327628329e-01
-4.061237019985e-01
-4.055153258600e-01
-4.049076359052e-01
-4.043006336089e-01
-4.036943204337e-01
-4.030886978299e-01
-4.024837672352e-01
-4.018795300749e-01
-4.012759877621e-01
-4.006731416973e-01
-4.000709932689e-01
-3.994695438528e-01
-3.988687948126e-01
-3.982687474994e-01
-3.976694032524e-01
-3.970707633981e-01
-3.964728292511e-01
-3.958756021134e-01
-3.952790832749e-01
-3.946832740133e-01
-3.940881755940e-01
-3.934937892704e-01
-3.929001162836e-01
-3.923071578623e-01
-3.917149152234e-01
-3.911233895716e-01
-3.905325820993e-01
-3.899424939870e-01
-3.893531264030e-01
-3.887644805038e-01
-3.881765574334e-01
-3.875893583242e-01
-3.870028842963e-01
-3.864171364582e-01
-3.858321159060e-01
-3.852478237241e-01
-3.846642609850e-01
-3.840814287491e-01
-3.834993280653e-01
-3.829179599702e-01
-3.823373254889e-01
-3.817574256346e-01
-3.811782614085e-01
-3.805998338003e-01
-3.800221437879e-01
-3.794451923374e-01
-3.788689804032e-01
-3.782935089281e-01
-3.777187788433e-01
-3.771447910681e-01
-3.765715465106e-01
-3.759990460669e-01
-3.754272906219e-01
-3.748562810488e-01
-3.742860182092e-01
-3.737165029535e-01
-3.731477361205e-01
-3.725797185374e-01
-3.720124510203e-01
-3.714459343738e-01
-3.708801693911e-01
-3.703151568542e-01
-3.697508975336e-01
-3.691873921889e-01
-3.686246415680e-01
-3.680626464080e-01
-3.675014074345e-01
-3.669409253623e-01
-3.663812008948e-01
-3.658222347243e-01
-3.652640275322e-01
-3.647065799888e-01
-3.641498927533e-01
-3.635939664740e-01
-3.630388017883e-01
-3.624843993227e-01
-3.619307596926e-01
-3.613778835028e-01
-3.608257713472e-01
-3.602744238088e-01
-3.597238414599e-01
-3.591740248620e-01
-3.586249745662e-01
-3.580766911126e-01
-3.575291750307e-01
-3.569824268395e-01
-3.564364470474e-01
-3.558912361524e-01
-3.553467946416e-01
-3.548031229920e-01
-3.542602216700e-01
-3.537180911316e-01
-3.531767318224e-01
-3.526361441779e-01
-3.520963286228e-01
-3.515572855720e-01
-3.510190154300e-01
-3.504815185909e-01
-3.499447954388e-01
-3.494088463596e-01
-3.488736716934e-01
-3.483392717942e-01
-3.478056470290e-01
-3.472727977200e-01
-3.467407241908e-01
-3.462094267553e-01
-3.456789057175e-01
-3.451491613715e-01
-3.446201940014e-01
-3.440920038819e-01
-3.435645912775e-01
-3.430379564434e-01
-3.425120996248e-01
-3.419870210573e-01
-3.414627209672e-01
-3.409391995709e-01
-3.404164570753e-01
-3.398944936780e-01
-3.393733095668e-01
-3.388529049205e-01
-3.383332799082e-01
-3.378144346898e-01
-3.372963694157e-01
-3.367790842272e-01
-3.362625792565e-01
-3.357468546262e-01
-3.352319104500e-01
-3.347177468325e-01
-3.342043638690e-01
-3.336917616461e-01
-3.331799402411e-01
-3.326688997223e-01
-3.321586401493e-01
-3.316491615725e-01
-3.311404640339e-01
-3.306325475661e-01
-3.301254121934e-01
-3.296190579311e-01
-3.291134847859e-01
-3.286086927557e-01
-3.281046818300e-01
-3.276014519895e-01
-3.270990032064e-01
-3.265973354445e-01
-3.260964486590e-01
-3.255963427967e-01
-3.250970177960e-01
-3.245984735871e-01
-3.241007100916e-01
-3.236037272230e-01
-3.231075248865e-01
-3.226121029793e-01
-3.221174613901e-01
-3.216235999998e-01
-3.211305186809e-01
-3.206382172983e-01
-3.201466957083e-01
-3.196559537599e-01
-3.191659912936e-01
-3.186768081425e-01
-3.181884041314e-01
-3.177007790777e-01
-3.172139327908e-01
-3.167278650725e-01
-3.162425757168e-01
-3.157580645101e-01
-3.152743312312e-01
-3.147913756514e-01
-3.143091975344e-01
-3.138277966365e-01
-3.133471727064e-01
-3.128673254856e-01
-3.123882547079e-01
-3.119099601003e-01
-3.114324413820e-01
-3.109556982652e-01
-3.104797304549e-01
-3.100045376489e-01
-3.095301195379e-01
-3.090564758054e-01
-3.085836061280e-01
-3.081115101752e-01
-3.076401876096e-01
-3.071696380868e-01
-3.066998612556e-01
-3.062308567578e-01
-3.057626242287e-01
-3.052951632964e-01
-3.048284735827e-01
-3.043625547024e-01
-3.038974062638e-01
-3.034330278686e-01
-3.029694191118e-01
-3.025065795820e-01
-3.020445088613e-01
-3.015832065253e-01
-3.011226721432e-01
-3.006629052778e-01
-3.002039054857e-01
-2.997456723171e-01
-2.992882053159e-01
-2.988315040198e-01
-2.983755679606e-01
-2.979203966635e-01
-2.974659896480e-01
-2.970123464273e-01
-2.965594665087e-01
-2.961073493935e-01
-2.956559945770e-01
-2.952054015488e-01
-2.947555697923e-01
-2.943064987855e-01
-2.938581880002e-01
-2.934106369026e-01
-2.929638449535e-01
-2.925178116075e-01
-2.920725363140e-01
-2.916280185166e-01
-2.911842576535e-01
-2.907412531571e-01
-2.902990044547e-01
-2.898575109678e-01
-2.894167721129e-01
-2.889767873008e-01
-2.885375559371e-01
-2.880990774221e-01
-2.876613511509e-01
-2.872243765134e-01
-2.867881528943e-01
-2.863526796731e-01
-2.859179562243e-01
-2.854839819174e-01
-2.850507561166e-01
-2.846182781816e-01
-2.841865474666e-01
-2.837555633214e-01
-2.833253250905e-01
-2.828958321139e-01
-2.824670837267e-01
-2.820390792590e-01
-2.816118180367e-01
-2.811852993804e-01
-2.807595226066e-01
-2.803344870269e-01
-2.799101919483e-01
-2.794866366735e-01
-2.790638205003e-01
-2.786417427225e-01
-2.782204026292e-01
-2.777997995051e-01
-2.773799326306e-01
-2.769608012818e-01
-2.765424047306e-01
-2.761247422444e-01
-2.757078130866e-01
-2.752916165164e-01
-2.748761517888e-01
-2.744614181547e-01
-2.740474148609e-01
-2.736341411503e-01
-2.732215962617e-01
-2.728097794298e-01
-2.723986898857e-01
-2.719883268563e-01
-2.715786895649e-01
-2.711697772306e-01
-2.707615890691e-01
-2.703541242922e-01
-2.699473821078e-01
-2.695413617205e-01
-2.691360623308e-01
-2.687314831359e-01
-2.683276233293e-01
-2.679244821009e-01
-2.675220586372e-01
-2.671203521211e-01
-2.667193617322e-01
-2.663190866464e-01
-2.659195260366e-01
-2.655206790719e-01
-2.651225449185e-01
-2.647251227390e-01
-2.643284116930e-01
-2.639324109367e-01
-2.635371196232e-01
-2.631425369023e-01
-2.627486619209e-01
-2.623554938226e-01
-2.619630317481e-01
-2.615712748350e-01
-2.611802222178e-01
-2.607898730283e-01
-2.604002263952e-01
-2.600112814441e-01
-2.596230372982e-01
-2.592354930774e-01
-2.588486478991e-01
-2.584625008778e-01
-2.580770511252e-01
-2.576922977505e-01
-2.573082398599e-01
-2.569248765571e-01
-2.565422069434e-01
-2.561602301171e-01
-2.557789451742e-01
-2.553983512082e-01
-2.550184473098e-01
-2.546392325676e-01
-2.542607060674e-01
-2.538828668930e-01
-2.535057141253e-01
-2.531292468434e-01
-2.527534641236e-01
-2.523783650402e-01
-2.520039486651e-01
-2.516302140681e-01
-2.512571603165e-01
-2.508847864757e-01
-2.505130916089e-01
-2.501420747770e-01
-2.497717350390e-01
-2.494020714517e-01
-2.490330830700e-01
-2.486647689466e-01
-2.482971281325e-01
-2.479301596763e-01
-2.475638626251e-01
-2.471982360238e-01
-2.468332789157e-01
-2.464689903420e-01
-2.461053693422e-01
-2.457424149540e-01
-2.453801262132e-01
-2.450185021541e-01
-2.446575418090e-01
-2.442972442089e-01
-2.439376083826e-01
-2.435786333578e-01
-2.432203181602e-01
-2.428626618142e-01
-2.425056633423e-01
-2.421493217659e-01
-2.417936361051e-01
-2.414386053768e-01
-2.410842285985e-01
-2.407305047855e-01
-2.403774329515e-01
-2.400250121090e-01
-2.396732412692e-01
-2.393221194419e-01
-2.389716456351e-01
-2.386218188569e-01
-2.382726381128e-01
-2.379241024075e-01
-2.375762107445e-01
-2.372289621259e-01
-2.368823555531e-01
-2.365363900258e-01
-2.361910645431e-01
-2.358463781025e-01
-2.355023297009e-01
-2.351589183339e-01
-2.348161429960e-01
-2.344740026809e-01
-2.341324963812e-01
-2.337916230884e-01
-2.334513817934e-01
-2.331117714860e-01
-2.327727911550e-01
-2.324344397885e-01
-2.320967163736e-01
-2.317596198967e-01
-2.314231493434e-01
-2.310873036985e-01
-2.307520819458e-01
-2.304174830687e-01
-2.300835060497e-01
-2.297501498707e-01
-2.294174135128e-01
-2.290852959564e-01
-2.287537961815e-01
-2.284229131672e-01
-2.280926458922e-01
-2.277629933347e-01
-2.274339544719e-01
-2.271055282811e-01
-2.267777137385e-01
-2.264505098201e-01
-2.261239155014e-01
-2.257979297575e-01
-2.254725515628e-01
-2.251477798915e-01
-2.248236137174e-01
-2.245000520139e-01
-2.241770937539e-01
-2.238547379102e-01
-2.235329834549e-01
-2.232118293603e-01
-2.228912745979e-01
-2.225713181393e-01
-2.222519589557e-01
-2.219331960181e-01
-2.216150282971e-01
-2.212974547635e-01
-2.209804743875e-01
-2.206640861394e-01
-2.203482889893e-01
-2.200330819070e-01
-2.197184638625e-01
-2.194044338254e-01
-2.190909907655e-01
-2.187781336522e-01
-2.184658614553e-01
-2.181541731441e-01
-2.178430676882e-01
-2.175325440572e-01
-2.172226012206e-01
-2.169132381479e-01
-2.166044538088e-01
-2.162962471729e-01
-2.159886172102e-01
-2.156815628905e-01
-2.153750831837e-01
-2.150691770601e-01
-2.147638434898e-01
-2.144590814435e-01
-2.141548898917e-01
-2.138512678052e-01
-2.135482141550e-01
-2.132457279125e-01
-2.129438080491e-01
-2.126424535366e-01
-2.123416633469e-01
-2.120414364524e-01
-2.117417718257e-01
-2.114426684397e-01
-2.111441252676e-01
-2.108461412829e-01
-2.105487154597e-01
-2.102518467721e-01
-2.099555341948e-01
-2.096597767029e-01
-2.093645732719e-01
-2.090699228776e-01
-2.087758244963e-01
-2.084822771049e-01
-2.081892796804e-01
-2.078968312007e-01
-2.076049306439e-01
-2.073135769886e-01
-2.070227692141e-01
-2.067325063000e-01
-2.064427872266e-01
-2.061536109748e-01
-2.058649765257e-01
-2.055768828614e-01
-2.052893289643e-01
-2.050023138176e-01
-2.047158364050e-01
-2.044298957107e-01
-2.041444907198e-01
-2.038596204178e-01
-2.035752837910e-01
-2.032914798263e-01
-2.030082075113e-01
-2.027254658342e-01
-2.024432537841e-01
-2.021615703507e-01
-2.018804145243e-01
-2.015997852960e-01
-2.013196816579e-01
-2.010401026024e-01
-2.007610471230e-01
-2.004825142138e-01
-2.002045028699e-01
-1.999270120869e-01
-1.996500408613e-01
-1.993735881906e-01
-1.990976530730e-01
-1.988222345073e-01
-1.985473314936e-01
-1.982729430324e-01
-1.979990681254e-01
-1.977257057751e-01
-1.974528549847e-01
-1.971805147584e-01
-1.969086841014e-01
-1.966373620196e-01
-1.963665475201e-01
-1.960962396107e-01
-1.958264373002e-01
-1.955571395982e-01
-1.952883455156e-01
-1.950200540640e-01
-1.947522642560e-01
-1.944849751052e-01
-1.942181856262e-01
-1.939518948345e-01
-1.936861017469e-01
-1.934208053808e-01
-1.931560047548e-01
-1.928916988887e-01
-1.926278868031e-01
-1.923645675198e-01
-1.921017400614e-01
-1.918394034519e-01
-1.915775567160e-01
-1.913161988799e-01
-1.910553289705e-01
-1.907949460159e-01
-1.905350490455e-01
-1.902756370894e-01
-1.900167091792e-01
-1.897582643475e-01
-1.895003016278e-01
-1.892428200550e-01
-1.889858186650e-01
-1.887292964950e-01
-1.884732525831e-01
-1.882176859687e-01
-1.879625956925e-01
-1.877079807961e-01
-1.874538403223e-01
-1.872001733154e-01
-1.869469788205e-01
-1.866942558841e-01
-1.864420035539e-01
-1.861902208787e-01
-1.859389069086e-01
-1.856880606949e-01
-1.854376812900e-01
-1.851877677479e-01
-1.849383191234e-01
-1.846893344727e-01
-1.844408128533e-01
-1.841927533239e-01
-1.839451549445e-01
-1.836980167763e-01
-1.834513378818e-01
-1.832051173248e-01
-1.829593541703e-01
-1.827140474847e-01
-1.824691963354e-01
-1.822247997916e-01
-1.819808569232e-01
-1.817373668020e-01
-1.814943285005e-01
-1.812517410931e-01
-1.810096036550e-01
-1.807679152630e-01
-1.805266749953e-01
-1.802858819312e-01
-1.800455351514e-01
-1.798056337380e-01
-1.795661767745e-01
-1.793271633455e-01
-1.790885925372e-01
-1.788504634370e-01
-1.786127751337e-01
-1.783755267176e-01
-1.781387172800e-01
-1.779023459141e-01
-1.776664117139e-01
-1.774309137752e-01
-1.771958511950e-01
-1.769612230718e-01
-1.767270285052e-01
-1.764932665966e-01
-1.762599364446e-01
-1.760270371604e-01
-1.757945678461e-01
-1.755625276084e-01
-1.753309155555e-01
-1.750997307971e-01
-1.748689724503e-01
-1.746386396155e-01
-1.744087314123e-01
-1.741792469561e-01
-1.739501853634e-01
-1.737215457525e-01
-1.734933272428e-01
-1.732655289553e-01
-1.730381500125e-01
-1.728111895381e-01
-1.725846466575e-01
-1.723585204974e-01
-1.721328101859e-01
-1.719075148527e-01
-1.716826336288e-01
-1.714581656468e-01
-1.712341100405e-01
-1.710104659455e-01
-1.707872324986e-01
-1.705644088382e-01
-1.703419941040e-01
-1.701199874374e-01
-1.698983879810e-01
-1.696771948792e-01
-1.694564072774e-01
-1.692360243230e-01
-1.690160451645e-01
-1.687964689520e-01
-1.685772948371e-01
-1.683585219729e-01
-1.681401495138e-01
-1.679221766159e-01
-1.677046024366e-01
-1.674874261351e-01
-1.672706468716e-01
-1.670542638082e-01
-1.668382761084e-01
-1.666226829370e-01
-1.664074834606e-01
-1.661926768469e-01
-1.659782622654e-01
-1.657642388871e-01
-1.655506058843e-01
-1.653373624310e-01
-1.651245077025e-01
-1.649120408757e-01
-1.646999611291e-01
-1.644882676425e-01
-1.642769595974e-01
-1.640660361766e-01
-1.638554965646e-01
-1.636453399473e-01
-1.634355655121e-01
-1.632261724480e-01
-1.630171599453e-01
-1.628085271961e-01
-1.626002733937e-01
-1.623923977331e-01
-1.621848994109e-01
-1.619777776249e-01
-1.617710315747e-01
-1.615646604612e-01
-1.613586634871e-01
-1.611530398562e-01
-1.609477887742e-01
-1.607429094481e-01
-1.605384010864e-01
-1.603342628992e-01
-1.601304940981e-01
-1.599270938961e-01
-1.597240615080e-01
-1.595213961498e-01
-1.593190970392e-01
-1.591171633953e-01
-1.589155944387e-01
-1.587143893917e-01
-1.585135474779e-01
-1.583130679226e-01
-1.581129499523e-01
-1.579131927955e-01
-1.577137956818e-01
-1.575147578425e-01
-1.573160785103e-01
-1.571177569195e-01
-1.569197923059e-01
-1.567221839068e-01
-1.565249309610e-01
-1.563280327089e-01
-1.561314883922e-01
-1.559352972544e-01
-1.557394585402e-01
-1.555439714961e-01
-1.553488353698e-01
-1.551540494109e-01
-1.549596128701e-01
-1.547655249999e-01
-1.545717850541e-01
-1.543783922882e-01
-1.541853459591e-01
-1.539926453251e-01
-1.538002896463e-01
-1.536082781841e-01
-1.534166102013e-01
-1.532252849624e-01
-1.530343017333e-01
-1.528436597815e-01
-1.526533583758e-01
-1.524633967868e-01
-1.522737742862e-01
-1.520844901477e-01
-1.518955436460e-01
-1.517069340576e-01
-1.515186606603e-01
-1.513307227337e-01
-1.511431195585e-01
-1.509558504172e-01
-1.507689145936e-01
-1.505823113731e-01
-1.503960400425e-01
-1.502100998902e-01
-1.500244902060e-01
-1.498392102812e-01
-1.496542594086e-01
-1.494696368824e-01
-1.492853419985e-01
-1.491013740539e-01
-1.489177323476e-01
-1.487344161796e-01
-1.485514248515e-01
-1.483687576666e-01
-1.481864139295e-01
-1.480043929462e-01
-1.478226940243e-01
-1.476413164728e-01
-1.474602596022e-01
-1.472795227244e-01
-1.470991051529e-01
-1.469190062027e-01
-1.467392251899e-01
-1.465597614325e-01
-1.463806142496e-01
-1.462017829622e-01
-1.460232668922e-01
-1.458450653634e-01
-1.456671777008e-01
-1.454896032310e-01
-1.453123412821e-01
-1.451353911834e-01
-1.449587522658e-01
-1.447824238616e-01
-1.446064053048e-01
-1.444306959304e-01
-1.442552950751e-01
-1.440802020771e-01
-1.439054162758e-01
-1.437309370124e-01
-1.435567636291e-01
-1.433828954698e-01
-1.432093318798e-01
-1.430360722059e-01
-1.428631157960e-01
-1.426904619998e-01
-1.425181101683e-01
-1.423460596538e-01
-1.421743098103e-01
-1.420028599928e-01
-1.418317095582e-01
-1.416608578644e-01
-1.414903042709e-01
-1.413200481386e-01
-1.411500888299e-01
-1.409804257084e-01
-1.408110581393e-01
-1.406419854890e-01
-1.404732071255e-01
-1.403047224182e-01
-1.401365307377e-01
-1.399686314561e-01
-1.398010239470e-01
-1.396337075852e-01
-1.394666817471e-01
-1.392999458103e-01
-1.391334991538e-01
-1.389673411582e-01
-1.388014712052e-01
-1.386358886781e-01
-1.384705929615e-01
-1.383055834412e-01
-1.381408595047e-01
-1.379764205406e-01
-1.378122659391e-01
-1.376483950915e-01
-1.374848073907e-01
-1.373215022308e-01
-1.371584790034e-01
-1.369957371132e-01
-1.368332759546e-01
-1.366710949273e-01
-1.365091934322e-01
-1.363475708715e-01
-1.361862266491e-01
-1.360251601698e-01
-1.358643708400e-01
-1.357038580675e-01
-1.355436212612e-01
-1.353836598315e-01
-1.352239731901e-01
-1.350645607501e-01
-1.349054219258e-01
-1.347465561329e-01
-1.345879627885e-01
-1.344296413109e-01
-1.342715911197e-01
-1.341138116361e-01
-1.339563022822e-01
-1.337990624817e-01
-1.336420916595e-01
-1.334853892420e-01
-1.333289546636e-01
-1.331727873393e-01
-1.330168867061e-01
-1.328612521957e-01
-1.327058832407e-01
-1.325507792752e-01
-1.323959397346e-01
-1.322413640555e-01
-1.320870516760e-01
-1.319330020352e-01
-1.317792145738e-01
-1.316256887334e-01
-1.314724239572e-01
-1.313194196895e-01
-1.311666753761e-01
-1.310141904639e-01
-1.308619644009e-01
-1.307099966368e-01
-1.305582866223e-01
-1.304068338093e-01
-1.302556376512e-01
-1.301046976024e-01
-1.299540131188e-01
-1.298035836574e-01
-1.296534086764e-01
-1.295034876355e-01
-1.293538199955e-01
-1.292044052183e-01
-1.290552427673e-01
-1.289063321070e-01
-1.287576727032e-01
-1.286092640229e-01
-1.284611055344e-01
-1.283131967071e-01
-1.281655370117e-01
-1.280181259202e-01
-1.278709629058e-01
-1.277240474427e-01
-1.275773790068e-01
-1.274309570746e-01
-1.272847811244e-01
-1.271388506354e-01
-1.269931650880e-01
-1.268477239639e-01
-1.267025267460e-01
-1.265575729184e-01
-1.264128619664e-01
-1.262683933765e-01
-1.261241666364e-01
-1.259801812349e-01
-1.258364366621e-01
-1.256929324094e-01
-1.255496679691e-01
-1.254066428349e-01
-1.252638565016e-01
-1.251213084652e-01
-1.249789982229e-01
-1.248369252731e-01
-1.246950891153e-01
-1.245534892502e-01
-1.244121251796e-01
-1.242709964067e-01
-1.241301024355e-01
-1.239894427716e-01
-1.238490169213e-01
-1.237088243924e-01
-1.235688646937e-01
-1.234291373351e-01
-1.232896418279e-01
-1.231503776843e-01
-1.230113444178e-01
-1.228725415428e-01
-1.227339685751e-01
-1.225956250316e-01
-1.224575104302e-01
-1.223196242900e-01
-1.221819661313e-01
-1.220445354755e-01
-1.219073318450e-01
-1.217703547635e-01
-1.216336037557e-01
-1.214970783475e-01
-1.213607780658e-01
-1.212247024387e-01
-1.210888509955e-01
-1.209532232664e-01
-1.208178187829e-01
-1.206826370775e-01
-1.205476776837e-01
-1.204129401364e-01
-1.202784239713e-01
-1.201441287253e-01
-1.200100539365e-01
-1.198761991439e-01
-1.197425638878e-01
-1.196091477093e-01
-1.194759501508e-01
-1.193429707558e-01
-1.192102090688e-01
-1.190776646353e-01
-1.189453370020e-01
-1.188132257166e-01
-1.186813303279e-01
-1.185496503858e-01
-1.184181854412e-01
-1.182869350460e-01
-1.181558987534e-01
-1.180250761174e-01
-1.178944666932e-01
-1.177640700370e-01
-1.176338857059e-01
-1.175039132585e-01
-1.173741522538e-01
-1.172446022525e-01
-1.171152628159e-01
-1.169861335064e-01
-1.168572138876e-01
-1.167285035240e-01
-1.166000019811e-01
-1.164717088256e-01
-1.163436236251e-01
-1.162157459482e-01
-1.160880753646e-01
-1.159606114450e-01
-1.158333537610e-01
-1.157063018855e-01
-1.155794553920e-01
-1.154528138554e-01
-1.153263768514e-01
-1.152001439568e-01
-1.150741147492e-01
-1.149482888076e-01
-1.148226657115e-01
-1.146972450417e-01
-1.145720263801e-01
-1.144470093093e-01
-1.143221934130e-01
-1.141975782760e-01
-1.140731634839e-01
-1.139489486235e-01
-1.138249332823e-01
-1.137011170490e-01
-1.135774995133e-01
-1.134540802657e-01
-1.133308588977e-01
-1.132078350018e-01
-1.130850081717e-01
-1.129623780016e-01
-1.128399440871e-01
-1.127177060244e-01
-1.125956634110e-01
-1.124738158450e-01
-1.123521629258e-01
-1.122307042536e-01
-1.121094394293e-01
-1.119883680553e-01
-1.118674897344e-01
-1.117468040706e-01
-1.116263106689e-01
-1.115060091350e-01
-1.113858990758e-01
-1.112659800990e-01
-1.111462518132e-01
-1.110267138280e-01
-1.109073657538e-01
-1.107882072022e-01
-1.106692377854e-01
-1.105504571166e-01
-1.104318648102e-01
-1.103134604811e-01
-1.101952437454e-01
-1.100772142200e-01
-1.099593715227e-01
-1.098417152722e-01
-1.097242450882e-01
-1.096069605912e-01
-1.094898614027e-01
-1.093729471449e-01
-1.092562174412e-01
-1.091396719156e-01
-1.090233101931e-01
-1.089071318997e-01
-1.087911366621e-01
-1.086753241081e-01
-1.085596938661e-01
-1.084442455657e-01
-1.083289788370e-01
-1.082138933114e-01
-1.080989886209e-01
-1.079842643983e-01
-1.078697202777e-01
-1.077553558935e-01
-1.076411708813e-01
-1.075271648777e-01
-1.074133375188e-01
-1.072996884447e-01
-1.071862172934e-01
-1.070729237047e-01
-1.069598073194e-01
-1.068468677790e-01
-1.067341047259e-01
-1.066215178033e-01
-1.065091066553e-01
-1.063968709268e-01
-1.062848102636e-01
-1.061729243123e-01
-1.060612127203e-01
-1.059496751359e-01
-1.058383112082e-01
-1.057271205871e-01
-1.056161029235e-01
-1.055052578689e-01
-1.053945850757e-01
-1.052840841971e-01
-1.051737548872e-01
-1.050635968009e-01
-1.049536095939e-01
-1.048437929226e-01
-1.047341464445e-01
-1.046246698176e-01
-1.045153627008e-01
-1.044062247539e-01
-1.042972556374e-01
-1.041884550128e-01
-1.040798225420e-01
-1.039713578882e-01
-1.038630607149e-01
-1.037549306869e-01
-1.036469674692e-01
-1.035391707282e-01
-1.034315401307e-01
-1.033240753444e-01
-1.032167760377e-01
-1.031096418800e-01
-1.030026725413e-01
-1.028958676923e-01
-1.027892270047e-01
-1.026827501508e-01
-1.025764368038e-01
-1.024702866376e-01
-1.023642993269e-01
-1.022584745471e-01
-1.021528119744e-01
-1.020473112858e-01
-1.019419721590e-01
-1.018367942726e-01
-1.017317773058e-01
-1.016269209386e-01
-1.015222248517e-01
-1.014176887266e-01
-1.013133122457e-01
-1.012090950919e-01
-1.011050369491e-01
-1.010011375016e-01
-1.008973964347e-01
-1.007938134344e-01
-1.006903881875e-01
-1.005871203813e-01
-1.004840097042e-01
-1.003810558449e-01
-1.002782584932e-01
-1.001756173394e-01
-1.000731320747e-01
-9.997080239092e-02
-9.986862798055e-02
-9.976660853693e-02
-9.966474375404e-02
-9.956303332662e-02
-9.946147695010e-02
-9.936007432063e-02
-9.925882513507e-02
-9.915772909101e-02
-9.905678588673e-02
-9.895599522122e-02
-9.885535679418e-02
-9.875487030601e-02
-9.865453545782e-02
-9.855435195141e-02
-9.845431948929e-02
-9.835443777465e-02
-9.825470651139e-02
-9.815512540410e-02
-9.805569415806e-02
-9.795641247923e-02
-9.785728007427e-02
-9.775829665054e-02
-9.765946191605e-02
-9.756077557951e-02
-9.746223735032e-02
-9.736384693855e-02
-9.726560405495e-02
-9.716750841093e-02
-9.706955971861e-02
-9.697175769075e-02
-9.687410204078e-02
-9.677659248283e-02
-9.667922873167e-02
-9.658201050274e-02
-9.648493751215e-02
-9.638800947667e-02
-9.629122611373e-02
-9.619458714142e-02
-9.609809227847e-02
-9.600174124431e-02
-9.590553375897e-02
-9.580946954316e-02
-9.571354831826e-02
-9.561776980625e-02
-9.552213372979e-02
-9.542663981219e-02
-9.533128777739e-02
-9.523607734997e-02
-9.514100825515e-02
-9.504608021881e-02
-9.495129296744e-02
-9.485664622818e-02
-9.476213972880e-02
-9.466777319771e-02
-9.457354636395e-02
-9.447945895717e-02
-9.438551070767e-02
-9.429170134637e-02
-9.419803060481e-02
-9.410449821516e-02
-9.401110391019e-02
-9.391784742332e-02
-9.382472848857e-02
-9.373174684059e-02
-9.363890221462e-02
-9.354619434654e-02
-9.345362297283e-02
-9.336118783057e-02
-9.326888865747e-02
-9.317672519183e-02
-9.308469717257e-02
-9.299280433920e-02
-9.290104643184e-02
-9.280942319121e-02
-9.271793435863e-02
-9.262657967601e-02
-9.253535888587e-02
-9.244427173132e-02
-9.235331795605e-02
-9.226249730435e-02
-9.217180952112e-02
-9.208125435182e-02
-9.199083154251e-02
-9.190054083984e-02
-9.181038199103e-02
-9.172035474389e-02
-9.163045884682e-02
-9.154069404878e-02
-9.145106009934e-02
-9.136155674861e-02
-9.127218374730e-02
-9.118294084668e-02
-9.109382779861e-02
-9.100484435549e-02
-9.091599027032e-02
-9.082726529666e-02
-9.073866918863e-02
-9.065020170092e-02
-9.056186258877e-02
-9.047365160801e-02
-9.038556851500e-02
-9.029761306667e-02
-9.020978502053e-02
-9.012208413462e-02
-9.003451016754e-02
-8.994706287845e-02
-8.985974202705e-02
-8.977254737360e-02
-8.968547867892e-02
-8.959853570435e-02
-8.951171821181e-02
-8.942502596374e-02
-8.933845872312e-02
-8.925201625350e-02
-8.916569831895e-02
-8.907950468408e-02
-8.899343511404e-02
-8.890748937452e-02
-8.882166723176e-02
-8.873596845250e-02
-8.865039280403e-02
-8.856494005418e-02
-8.847960997130e-02
-8.839440232428e-02
-8.830931688251e-02
-8.822435341593e-02
-8.813951169500e-02
-8.805479149070e-02
-8.797019257454e-02
-8.788571471853e-02
-8.780135769522e-02
-8.771712127767e-02
-8.763300523946e-02
-8.754900935468e-02
-8.746513339793e-02
-8.738137714433e-02
-8.729774036951e-02
-8.721422284961e-02
-8.713082436128e-02
-8.704754468167e-02
-8.696438358845e-02
-8.688134085978e-02
-8.679841627432e-02
-8.671560961126e-02
-8.663292065026e-02
-8.655034917149e-02
-8.646789495562e-02
-8.638555778382e-02
-8.630333743776e-02
-8.622123369958e-02
-8.613924635195e-02
-8.605737517799e-02
-8.597561996135e-02
-8.589398048614e-02
-8.581245653697e-02
-8.573104789895e-02
-8.564975435765e-02
-8.556857569915e-02
-8.548751170998e-02
-8.540656217719e-02
-8.532572688828e-02
-8.524500563125e-02
-8.516439819456e-02
-8.508390436717e-02
-8.500352393850e-02
-8.492325669844e-02
-8.484310243737e-02
-8.476306094613e-02
-8.468313201603e-02
-8.460331543886e-02
-8.452361100687e-02
-8.444401851277e-02
-8.436453774976e-02
-8.428516851148e-02
-8.420591059205e-02
-8.412676378605e-02
-8.404772788851e-02
-8.396880269493e-02
-8.388998800127e-02
-8.381128360394e-02
-8.373268929982e-02
-8.365420488624e-02
-8.357583016097e-02
-8.349756492226e-02
-8.341940896878e-02
-8.334136209967e-02
-8.326342411453e-02
-8.318559481339e-02
-8.310787399673e-02
-8.303026146549e-02
-8.295275702104e-02
-8.287536046519e-02
-8.279807160021e-02
-8.272089022881e-02
-8.264381615412e-02
-8.256684917974e-02
-8.248998910968e-02
-8.241323574840e-02
-8.233658890080e-02
-8.226004837222e-02
-8.218361396840e-02
-8.210728549556e-02
-8.203106276033e-02
-8.195494556975e-02
-8.187893373133e-02
-8.180302705297e-02
-8.172722534303e-02
-8.165152841027e-02
-8.157593606390e-02
-8.150044811353e-02
-8.142506436920e-02
-8.134978464139e-02
-8.127460874097e-02
-8.119953647927e-02
-8.112456766799e-02
-8.104970211928e-02
-8.097493964571e-02
-8.090028006024e-02
-8.082572317627e-02
-8.075126880760e-02
-8.067691676845e-02
-8.060266687343e-02
-8.052851893759e-02
-8.045447277638e-02
-8.038052820564e-02
-8.030668504165e-02
-8.023294310105e-02
-8.015930220094e-02
-8.008576215879e-02
-8.001232279247e-02
-7.993898392026e-02
-7.986574536086e-02
-7.979260693334e-02
-7.971956845718e-02
-7.964662975227e-02
-7.957379063888e-02
-7.950105093768e-02
-7.942841046974e-02
-7.935586905653e-02
-7.928342651989e-02
-7.921108268208e-02
-7.913883736573e-02
-7.906669039387e-02
-7.899464158991e-02
-7.892269077766e-02
-7.885083778130e-02
-7.877908242543e-02
-7.870742453500e-02
-7.863586393535e-02
-7.856440045222e-02
-7.849303391172e-02
-7.842176414034e-02
-7.835059096496e-02
-7.827951421282e-02
-7.820853371156e-02
-7.813764928919e-02
-7.806686077408e-02
-7.799616799501e-02
-7.792557078110e-02
-7.785506896187e-02
-7.778466236719e-02
-7.771435082731e-02
-7.764413417287e-02
-7.757401223484e-02
-7.750398484461e-02
-7.743405183388e-02
-7.736421303477e-02
-7.729446827973e-02
-7.722481740158e-02
-7.715526023354e-02
-7.708579660914e-02
-7.701642636231e-02
-7.694714932732e-02
-7.687796533883e-02
-7.680887423181e-02
-7.673987584165e-02
-7.667097000404e-02
-7.660215655507e-02
-7.653343533116e-02
-7.646480616910e-02
-7.639626890603e-02
-7.632782337944e-02
-7.625946942717e-02
-7.619120688742e-02
-7.612303559875e-02
-7.605495540003e-02
-7.598696613053e-02
-7.591906762984e-02
-7.585125973789e-02
-7.578354229498e-02
-7.571591514173e-02
-7.564837811913e-02
-7.558093106850e-02
-7.551357383151e-02
-7.544630625015e-02
-7.537912816678e-02
-7.531203942408e-02
-7.524503986509e-02
-7.517812933317e-02
-7.511130767202e-02
-7.504457472569e-02
-7.497793033855e-02
-7.491137435531e-02
-7.484490662103e-02
-7.477852698108e-02
-7.471223528117e-02
-7.464603136736e-02
-7.457991508601e-02
-7.451388628383e-02
-7.444794480787e-02
-7.438209050548e-02
-7.431632322435e-02
-7.425064281251e-02
-7.418504911831e-02
-7.411954199041e-02
-7.405412127780e-02
-7.398878682981e-02
-7.392353849609e-02
-7.385837612658e-02
-7.379329957159e-02
-7.372830868171e-02
-7.366340330787e-02
-7.359858330132e-02
-7.353384851362e-02
-7.346919879665e-02
-7.340463400261e-02
-7.334015398401e-02
-7.327575859367e-02
-7.321144768474e-02
-7.314722111068e-02
-7.308307872525e-02
-7.301902038253e-02
-7.295504593692e-02
-7.289115524311e-02
-7.282734815611e-02
-7.276362453125e-02
-7.269998422415e-02
-7.263642709074e-02
-7.257295298728e-02
-7.250956177030e-02
-7.244625329666e-02
-7.238302742351e-02
-7.231988400831e-02
-7.225682290883e-02
-7.219384398313e-02
-7.213094708958e-02
-7.206813208683e-02
-7.200539883387e-02
-7.194274718995e-02
-7.188017701463e-02
-7.181768816778e-02
-7.175528050955e-02
-7.169295390040e-02
-7.163070820108e-02
-7.156854327262e-02
-7.150645897637e-02
-7.144445517396e-02
-7.138253172730e-02
-7.132068849863e-02
-7.125892535043e-02
-7.119724214550e-02
-7.113563874693e-02
-7.107411501810e-02
-7.101267082267e-02
-7.095130602458e-02
-7.089002048807e-02
-7.082881407767e-02
-7.076768665818e-02
-7.070663809469e-02
-7.064566825258e-02
-7.058477699751e-02
-7.052396419543e-02
-7.046322971254e-02
-7.040257341537e-02
-7.034199517069e-02
-7.028149484557e-02
-7.022107230735e-02
-7.016072742366e-02
-7.010046006239e-02
-7.004027009172e-02
-6.998015738011e-02
-6.992012179628e-02
-6.986016320923e-02
-6.980028148826e-02
-6.974047650289e-02
-6.968074812297e-02
-6.962109621859e-02
-6.956152066012e-02
-6.950202131819e-02
-6.944259806371e-02
-6.938325076788e-02
-6.932397930212e-02
-6.926478353817e-02
-6.920566334800e-02
-6.914661860386e-02
-6.908764917828e-02
-6.902875494404e-02
-6.896993577418e-02
-6.891119154202e-02
-6.885252212113e-02
-6.879392738536e-02
-6.873540720881e-02
-6.867696146583e-02
-6.861859003106e-02
-6.856029277938e-02
-6.850206958594e-02
-6.844392032614e-02
-6.838584487564e-02
-6.832784311037e-02
-6.826991490651e-02
-6.821206014049e-02
-6.815427868900e-02
-6.809657042900e-02
-6.803893523768e-02
-6.798137299250e-02
-6.792388357117e-02
-6.786646685165e-02
-6.780912271216e-02
-6.775185103118e-02
-6.769465168741e-02
-6.763752455982e-02
-6.758046952765e-02
-6.752348647035e-02
-6.746657526764e-02
-6.740973579949e-02
-6.735296794611e-02
-6.729627158797e-02
-6.723964660576e-02
-6.718309288045e-02
-6.712661029323e-02
-6.707019872555e-02
-6.701385805908e-02
-6.695758817577e-02
-6.690138895777e-02
-6.684526028752e-02
-6.678920204766e-02
-6.673321412109e-02
-6.667729639096e-02
-6.662144874064e-02
-6.656567105374e-02
-6.650996321413e-02
-6.645432510589e-02
-6.639875661337e-02
-6.634325762113e-02
-6.628782801397e-02
-6.623246767694e-02
-6.617717649532e-02
-6.612195435461e-02
-6.606680114057e-02
-6.601171673917e-02
-6.595670103663e-02
-6.590175391938e-02
-6.584687527412e-02
-6.579206498774e-02
-6.573732294739e-02
-6.568264904044e-02
-6.562804315448e-02
-6.557350517735e-02
-6.551903499710e-02
-6.546463250202e-02
-6.541029758062e-02
-6.535603012164e-02
-6.530183001405e-02
-6.524769714705e-02
-6.519363141004e-02
-6.513963269267e-02
-6.508570088482e-02
-6.503183587656e-02
-6.497803755822e-02
-6.492430582033e-02
-6.487064055364e-02
-6.481704164915e-02
-6.476350899806e-02
-6.471004249177e-02
-6.465664202195e-02
-6.460330748044e-02
-6.455003875933e-02
-6.449683575093e-02
-6.444369834774e-02
-6.439062644250e-02
-6.433761992816e-02
-6.428467869790e-02
-6.423180264510e-02
-6.417899166335e-02
-6.412624564647e-02
-6.407356448848e-02
-6.402094808364e-02
-6.396839632640e-02
-6.391590911142e-02
-6.386348633359e-02
-6.381112788800e-02
-6.375883366995e-02
-6.370660357497e-02
-6.365443749876e-02
-6.360233533728e-02
-6.355029698666e-02
-6.349832234326e-02
-6.344641130364e-02
-6.339456376457e-02
-6.334277962302e-02
-6.329105877618e-02
-6.323940112144e-02
-6.318780655640e-02
-6.313627497886e-02
-6.308480628681e-02
-6.303340037848e-02
-6.298205715228e-02
-6.293077650683e-02
-6.287955834095e-02
-6.282840255365e-02
-6.277730904418e-02
-6.272627771194e-02
-6.267530845658e-02
-6.262440117792e-02
-6.257355577599e-02
-6.252277215102e-02
-6.247205020344e-02
-6.242138983387e-02
-6.237079094314e-02
-6.232025343226e-02
-6.226977720247e-02
-6.221936215518e-02
-6.216900819199e-02
-6.211871521472e-02
-6.206848312538e-02
-6.201831182615e-02
-6.196820121945e-02
-6.191815120785e-02
-6.186816169413e-02
-6.181823258128e-02
-6.176836377245e-02
-6.171855517102e-02
-6.166880668052e-02
-6.161911820471e-02
-6.156948964751e-02
-6.151992091306e-02
-6.147041190566e-02
-6.142096252983e-02
-6.137157269024e-02
-6.132224229180e-02
-6.127297123956e-02
-6.122375943878e-02
-6.117460679491e-02
-6.112551321359e-02
-6.107647860062e-02
-6.102750286202e-02
-6.097858590398e-02
-6.092972763286e-02
-6.088092795524e-02
-6.083218677786e-02
-6.078350400764e-02
-6.073487955171e-02
-6.068631331734e-02
-6.063780521203e-02
-6.058935514343e-02
-6.054096301938e-02
-6.049262874791e-02
-6.044435223722e-02
-6.039613339570e-02
-6.034797213191e-02
-6.029986835459e-02
-6.025182197268e-02
-6.020383289526e-02
-6.015590103163e-02
-6.010802629124e-02
-6.006020858373e-02
-6.001244781891e-02
-5.996474390678e-02
-5.991709675749e-02
-5.986950628140e-02
-5.982197238902e-02
-5.977449499105e-02
-5.972707399835e-02
-5.967970932197e-02
-5.963240087312e-02
-5.958514856320e-02
-5.953795230376e-02
-5.949081200655e-02
-5.944372758346e-02
-5.939669894659e-02
-5.934972600819e-02
-5.930280868067e-02
-5.925594687663e-02
-5.920914050884e-02
-5.916238949022e-02
-5.911569373389e-02
-5.906905315312e-02
-5.902246766134e-02
-5.897593717217e-02
-5.892946159938e-02
-5.888304085692e-02
-5.883667485891e-02
-5.879036351963e-02
-5.874410675351e-02
-5.869790447517e-02
-5.865175659940e-02
-5.860566304112e-02
-5.855962371546e-02
-5.851363853769e-02
-5.846770742324e-02
-5.842183028770e-02
-5.837600704686e-02
-5.833023761663e-02
-5.828452191311e-02
-5.823885985254e-02
-5.819325135134e-02
-5.814769632609e-02
-5.810219469352e-02
-5.805674637054e-02
-5.801135127419e-02
-5.796600932170e-02
-5.792072043046e-02
-5.787548451798e-02
-5.783030150198e-02
-5.778517130030e-02
-5.774009383096e-02
-5.769506901214e-02
-5.765009676215e-02
-5.760517699949e-02
-5.756030964280e-02
-5.751549461088e-02
-5.747073182269e-02
-5.742602119733e-02
-5.738136265407e-02
-5.733675611234e-02
-5.729220149171e-02
-5.724769871192e-02
-5.720324769284e-02
-5.715884835451e-02
-5.711450061714e-02
-5.707020440105e-02
-5.702595962676e-02
-5.698176621491e-02
-5.693762408630e-02
-5.689353316188e-02
-5.684949336276e-02
-5.680550461020e-02
-5.676156682560e-02
-5.671767993052e-02
-5.667384384666e-02
-5.663005849587e-02
-5.658632380017e-02
-5.654263968171e-02
-5.649900606279e-02
-5.645542286585e-02
-5.641189001350e-02
-5.636840742849e-02
-5.632497503370e-02
-5.628159275217e-02
-5.623826050710e-02
-5.619497822180e-02
-5.615174581977e-02
-5.610856322463e-02
-5.606543036014e-02
-5.602234715021e-02
-5.597931351892e-02
-5.593632939045e-02
-5.589339468915e-02
-5.585050933952e-02
-5.580767326619e-02
-5.576488639393e-02
-5.572214864767e-02
-5.567945995245e-02
-5.563682023350e-02
-5.559422941614e-02
-5.555168742587e-02
-5.550919418832e-02
-5.546674962924e-02
-5.542435367456e-02
-5.538200625031e-02
-5.533970728269e-02
-5.529745669801e-02
-5.525525442276e-02
-5.521310038353e-02
-5.517099450706e-02
-5.512893672024e-02
-5.508692695009e-02
-5.504496512377e-02
-5.500305116857e-02
-5.496118501191e-02
-5.491936658138e-02
-5.487759580466e-02
-5.483587260961e-02
-5.479419692420e-02
-5.475256867654e-02
-5.471098779488e-02
-5.466945420760e-02
-5.462796784321e-02
-5.458652863037e-02
-5.454513649786e-02
-5.450379137459e-02
-5.446249318963e-02
-5.442124187214e-02
-5.438003735146e-02
-5.433887955702e-02
-5.429776841841e-02
-5.425670386535e-02
-5.421568582767e-02
-5.417471423536e-02
-5.413378901852e-02
-5.409291010739e-02
-5.405207743233e-02
-5.401129092385e-02
-5.397055051258e-02
-5.392985612926e-02
-5.388920770480e-02
-5.384860517019e-02
-5.380804845660e-02
-5.376753749528e-02
-5.372707221765e-02
-5.368665255523e-02
-5.364627843967e-02
-5.360594980277e-02
-5.356566657642e-02
-5.352542869267e-02
-5.348523608369e-02
-5.344508868175e-02
-5.340498641928e-02
-5.336492922882e-02
-5.332491704304e-02
-5.328494979472e-02
-5.324502741678e-02
-5.320514984226e-02
-5.316531700433e-02
-5.312552883627e-02
-5.308578527151e-02
-5.304608624357e-02
-5.300643168611e-02
-5.296682153291e-02
-5.292725571789e-02
-5.288773417506e-02
-5.284825683857e-02
-5.280882364269e-02
-5.276943452183e-02
-5.273008941048e-02
-5.269078824328e-02
-5.265153095500e-02
-5.261231748049e-02
-5.257314775476e-02
-5.253402171293e-02
-5.249493929022e-02
-5.245590042199e-02
-5.241690504372e-02
-5.237795309100e-02
-5.233904449953e-02
-5.230017920515e-02
-5.226135714380e-02
-5.222257825155e-02
-5.218384246459e-02
-5.214514971920e-02
-5.210649995181e-02
-5.206789309895e-02
-5.202932909727e-02
-5.199080788354e-02
-5.195232939464e-02
-5.191389356757e-02
-5.187550033943e-02
-5.183714964747e-02
-5.179884142902e-02
-5.176057562155e-02
-5.172235216262e-02
-5.168417098992e-02
-5.164603204126e-02
-5.160793525455e-02
-5.156988056781e-02
-5.153186791920e-02
-5.149389724697e-02
-5.145596848947e-02
-5.141808158520e-02
-5.138023647275e-02
-5.134243309082e-02
-5.130467137822e-02
-5.126695127389e-02
-5.122927271687e-02
-5.119163564630e-02
-5.115404000145e-02
-5.111648572168e-02
-5.107897274649e-02
-5.104150101546e-02
-5.100407046830e-02
-5.096668104481e-02
-5.092933268492e-02
-5.089202532866e-02
-5.085475891616e-02
-5.081753338769e-02
-5.078034868358e-02
-5.074320474431e-02
-5.070610151045e-02
-5.066903892269e-02
-5.063201692180e-02
-5.059503544868e-02
-5.055809444434e-02
-5.052119384989e-02
-5.048433360654e-02
-5.044751365561e-02
-5.041073393853e-02
-5.037399439684e-02
-5.033729497217e-02
-5.030063560627e-02
-5.026401624100e-02
-5.022743681830e-02
-5.019089728024e-02
-5.015439756898e-02
-5.011793762680e-02
-5.008151739606e-02
-5.004513681924e-02
-5.000879583893e-02
-4.997249439780e-02
-4.993623243865e-02
-4.990000990437e-02
-4.986382673794e-02
-4.982768288247e-02
-4.979157828116e-02
-4.975551287729e-02
-4.971948661429e-02
-4.968349943564e-02
-4.964755128496e-02
-4.961164210595e-02
-4.957577184242e-02
-4.953994043828e-02
-4.950414783754e-02
-4.946839398431e-02
-4.943267882279e-02
-4.939700229729e-02
-4.936136435224e-02
-4.932576493212e-02
-4.929020398156e-02
-4.925468144526e-02
-4.921919726803e-02
-4.918375139477e-02
-4.914834377048e-02
-4.911297434026e-02
-4.907764304932e-02
-4.904234984296e-02
-4.900709466656e-02
-4.897187746563e-02
-4.893669818574e-02
-4.890155677259e-02
-4.886645317197e-02
-4.883138732974e-02
-4.879635919189e-02
-4.876136870450e-02
-4.872641581372e-02
-4.869150046583e-02
-4.865662260718e-02
-4.862178218423e-02
-4.858697914353e-02
-4.855221343173e-02
-4.851748499556e-02
-4.848279378187e-02
-4.844813973757e-02
-4.841352280971e-02
-4.837894294538e-02
-4.834440009181e-02
-4.830989419630e-02
-4.827542520625e-02
-4.824099306914e-02
-4.820659773257e-02
-4.817223914421e-02
-4.813791725183e-02
-4.810363200329e-02
-4.806938334655e-02
-4.803517122966e-02
-4.800099560075e-02
-4.796685640805e-02
-4.793275359988e-02
-4.789868712466e-02
-4.786465693090e-02
-4.783066296717e-02
-4.779670518218e-02
-4.776278352469e-02
-4.772889794358e-02
-4.769504838779e-02
-4.766123480638e-02
-4.762745714848e-02
-4.759371536331e-02
-4.756000940020e-02
-4.752633920853e-02
-4.749270473782e-02
-4.745910593763e-02
-4.742554275764e-02
-4.739201514761e-02
-4.735852305738e-02
-4.732506643688e-02
-4.729164523615e-02
-4.725825940529e-02
-4.722490889450e-02
-4.719159365406e-02
-4.715831363435e-02
-4.712506878583e-02
-4.709185905904e-02
-4.705868440461e-02
-4.702554477326e-02
-4.699244011580e-02
-4.695937038313e-02
-4.692633552620e-02
-4.689333549610e-02
-4.686037024397e-02
-4.682743972103e-02
-4.679454387862e-02
-4.676168266813e-02
-4.672885604105e-02
-4.669606394895e-02
-4.666330634350e-02
-4.663058317643e-02
-4.659789439958e-02
-4.656523996484e-02
-4.653261982421e-02
-4.650003392978e-02
-4.646748223370e-02
-4.643496468821e-02
-4.640248124564e-02
-4.637003185841e-02
-4.633761647900e-02
-4.630523505998e-02
-4.627288755402e-02
-4.624057391386e-02
-4.620829409231e-02
-4.617604804229e-02
-4.614383571677e-02
-4.611165706881e-02
-4.607951205158e-02
-4.604740061830e-02
-4.601532272227e-02
-4.598327831690e-02
-4.595126735564e-02
-4.591928979206e-02
-4.588734557978e-02
-4.585543467252e-02
-4.582355702406e-02
-4.579171258829e-02
-4.575990131916e-02
-4.572812317069e-02
-4.569637809700e-02
-4.566466605227e-02
-4.563298699079e-02
-4.560134086688e-02
-4.556972763499e-02
-4.553814724961e-02
-4.550659966534e-02
-4.547508483682e-02
-4.544360271881e-02
-4.541215326612e-02
-4.538073643364e-02
-4.534935217635e-02
-4.531800044930e-02
-4.528668120762e-02
-4.525539440651e-02
-4.522414000125e-02
-4.519291794720e-02
-4.516172819981e-02
-4.513057071457e-02
-4.509944544708e-02
-4.506835235300e-02
-4.503729138807e-02
-4.500626250811e-02
-4.497526566901e-02
-4.494430082673e-02
-4.491336793733e-02
-4.488246695691e-02
-4.485159784167e-02
-4.482076054788e-02
-4.478995503188e-02
-4.475918125009e-02
-4.472843915900e-02
-4.469772871518e-02
-4.466704987526e-02
-4.463640259597e-02
-4.460578683408e-02
-4.457520254646e-02
-4.454464969005e-02
-4.451412822185e-02
-4.448363809895e-02
-4.445317927849e-02
-4.442275171772e-02
-4.439235537393e-02
-4.436199020450e-02
-4.433165616686e-02
-4.430135321855e-02
-4.427108131714e-02
-4.424084042030e-02
-4.421063048577e-02
-4.418045147136e-02
-4.415030333494e-02
-4.412018603445e-02
-4.409009952793e-02
-4.406004377347e-02
-4.403001872922e-02
-4.400002435342e-02
-4.397006060438e-02
-4.394012744047e-02
-4.391022482014e-02
-4.388035270190e-02
-4.385051104435e-02
-4.382069980613e-02
-4.379091894598e-02
-4.376116842269e-02
-4.373144819512e-02
-4.370175822222e-02
-4.367209846298e-02
-4.364246887649e-02
-4.361286942188e-02
-4.358330005836e-02
-4.355376074522e-02
-4.352425144181e-02
-4.349477210755e-02
-4.346532270191e-02
-4.343590318446e-02
-4.340651351482e-02
-4.337715365268e-02
-4.334782355780e-02
-4.331852319000e-02
-4.328925250918e-02
-4.326001147530e-02
-4.323080004839e-02
-4.320161818854e-02
-4.317246585592e-02
-4.314334301076e-02
-4.311424961335e-02
-4.308518562405e-02
-4.305615100330e-02
-4.302714571159e-02
-4.299816970949e-02
-4.296922295762e-02
-4.294030541667e-02
-4.291141704741e-02
-4.288255781066e-02
-4.285372766732e-02
-4.282492657833e-02
-4.279615450472e-02
-4.276741140759e-02
-4.273869724807e-02
-4.271001198740e-02
-4.268135558684e-02
-4.265272800775e-02
-4.262412921154e-02
-4.259555915968e-02
-4.256701781372e-02
-4.253850513525e-02
-4.251002108594e-02
-4.248156562753e-02
-4.245313872182e-02
-4.242474033065e-02
-4.239637041596e-02
-4.236802893973e-02
-4.233971586400e-02
-4.231143115090e-02
-4.228317476260e-02
-4.225494666133e-02
-4.222674680940e-02
-4.219857516916e-02
-4.217043170305e-02
-4.214231637356e-02
-4.211422914323e-02
-4.208616997468e-02
-4.205813883058e-02
-4.203013567368e-02
-4.200216046676e-02
-4.197421317269e-02
-4.194629375439e-02
-4.191840217484e-02
-4.189053839709e-02
-4.186270238425e-02
-4.183489409947e-02
-4.180711350599e-02
-4.177936056710e-02
-4.175163524614e-02
-4.172393750653e-02
-4.169626731173e-02
-4.166862462527e-02
-4.164100941075e-02
-4.161342163182e-02
-4.158586125218e-02
-4.155832823560e-02
-4.153082254593e-02
-4.150334414703e-02
-4.147589300287e-02
-4.144846907746e-02
-4.142107233486e-02
-4.139370273919e-02
-4.136636025465e-02
-4.133904484547e-02
-4.131175647597e-02
-4.128449511050e-02
-4.125726071349e-02
-4.123005324941e-02
-4.120287268280e-02
-4.117571897826e-02
-4.114859210044e-02
-4.112149201406e-02
-4.109441868388e-02
-4.106737207473e-02
-4.104035215149e-02
-4.101335887911e-02
-4.098639222259e-02
-4.095945214699e-02
-4.093253861742e-02
-4.090565159905e-02
-4.087879105711e-02
-4.085195695688e-02
-4.082514926372e-02
-4.079836794301e-02
-4.077161296021e-02
-4.074488428084e-02
-4.071818187046e-02
-4.069150569470e-02
-4.066485571924e-02
-4.063823190981e-02
-4.061163423220e-02
-4.058506265227e-02
-4.055851713592e-02
-4.053199764910e-02
-4.050550415784e-02
-4.047903662819e-02
-4.045259502630e-02
-4.042617931833e-02
-4.039978947052e-02
-4.037342544916e-02
-4.034708722061e-02
-4.032077475125e-02
-4.029448800754e-02
-4.026822695599e-02
-4.024199156316e-02
-4.021578179568e-02
-4.018959762020e-02
-4.016343900347e-02
-4.013730591225e-02
-4.011119831338e-02
-4.008511617375e-02
-4.005905946030e-02
-4.003302814002e-02
-4.000702217996e-02
-3.998104154723e-02
-3.995508620896e-02
-3.992915613238e-02
-3.990325128475e-02
-3.987737163337e-02
-3.985151714561e-02
-3.982568778889e-02
-3.979988353069e-02
-3.977410433852e-02
-3.974835017997e-02
-3.972262102266e-02
-3.969691683427e-02
-3.967123758253e-02
-3.964558323524e-02
-3.961995376022e-02
-3.959434912536e-02
-3.956876929862e-02
-3.954321424797e-02
-3.951768394146e-02
-3.949217834718e-02
-3.946669743329e-02
-3.944124116798e-02
-3.941580951949e-02
-3.939040245614e-02
-3.936501994626e-02
-3.933966195825e-02
-3.931432846058e-02
-3.928901942174e-02
-3.926373481029e-02
-3.923847459482e-02
-3.921323874400e-02
-3.918802722653e-02
-3.916284001115e-02
-3.913767706669e-02
-3.911253836198e-02
-3.908742386593e-02
-3.906233354750e-02
-3.903726737569e-02
-3.901222531956e-02
-3.898720734820e-02
-3.896221343076e-02
-3.893724353646e-02
-3.891229763453e-02
-3.888737569429e-02
-3.886247768506e-02
-3.883760357626e-02
-3.881275333733e-02
-3.878792693777e-02
-3.876312434711e-02
-3.873834553495e-02
-3.871359047093e-02
-3.868885912474e-02
-3.866415146611e-02
-3.863946746484e-02
-3.861480709074e-02
-3.859017031371e-02
-3.856555710368e-02
-3.854096743062e-02
-3.851640126455e-02
-3.849185857554e-02
-3.846733933373e-02
-3.844284350926e-02
-3.841837107237e-02
-3.839392199330e-02
-3.836949624238e-02
-3.834509378995e-02
-3.832071460641e-02
-3.829635866223e-02
-3.827202592789e-02
-3.824771637393e-02
-3.822342997095e-02
-3.819916668959e-02
-3.817492650052e-02
-3.815070937448e-02
-3.812651528224e-02
-3.810234419463e-02
-3.807819608250e-02
-3.805407091679e-02
-3.802996866843e-02
-3.800588930845e-02
-3.798183280789e-02
-3.795779913785e-02
-3.793378826948e-02
-3.790980017395e-02
-3.788583482251e-02
-3.786189218643e-02
-3.783797223704e-02
-3.781407494570e-02
-3.779020028384e-02
-3.776634822291e-02
-3.774251873441e-02
-3.771871178990e-02
-3.769492736096e-02
-3.767116541925e-02
-3.764742593643e-02
-3.762370888424e-02
-3.760001423444e-02
-3.757634195887e-02
-3.755269202937e-02
-3.752906441785e-02
-3.750545909626e-02
-3.748187603659e-02
-3.745831521088e-02
-3.743477659121e-02
-3.741126014970e-02
-3.738776585853e-02
-3.736429368990e-02
-3.734084361606e-02
-3.731741560932e-02
-3.729400964202e-02
-3.727062568654e-02
-3.724726371531e-02
-3.722392370081e-02
-3.720060561554e-02
-3.717730943206e-02
-3.715403512297e-02
-3.713078266092e-02
-3.710755201859e-02
-3.708434316871e-02
-3.706115608405e-02
-3.703799073742e-02
-3.701484710168e-02
-3.699172514972e-02
-3.696862485449e-02
-3.694554618896e-02
-3.692248912617e-02
-3.689945363917e-02
-3.687643970108e-02
-3.685344728504e-02
-3.683047636424e-02
-3.680752691193e-02
-3.678459890137e-02
-3.676169230587e-02
-3.673880709881e-02
-3.671594325357e-02
-3.669310074360e-02
-3.667027954237e-02
-3.664747962342e-02
-3.662470096029e-02
-3.660194352661e-02
-3.657920729601e-02
-3.655649224218e-02
-3.653379833885e-02
-3.651112555978e-02
-3.648847387879e-02
-3.646584326972e-02
-3.644323370646e-02
-3.642064516294e-02
-3.639807761313e-02
-3.637553103104e-02
-3.635300539073e-02
-3.633050066627e-02
-3.630801683181e-02
-3.628555386151e-02
-3.626311172958e-02
-3.624069041027e-02
-3.621828987787e-02
-3.619591010672e-02
-3.617355107118e-02
-3.615121274565e-02
-3.612889510459e-02
-3.610659812248e-02
-3.608432177385e-02
-3.606206603327e-02
-3.603983087533e-02
-3.601761627469e-02
-3.599542220602e-02
-3.597324864405e-02
-3.595109556354e-02
-3.592896293928e-02
-3.590685074612e-02
-3.588475895893e-02
-3.586268755262e-02
-3.584063650215e-02
-3.581860578252e-02
-3.579659536874e-02
-3.577460523589e-02
-3.575263535908e-02
-3.573068571345e-02
-3.570875627419e-02
-3.568684701651e-02
-3.566495791567e-02
-3.564308894697e-02
-3.562124008575e-02
-3.559941130737e-02
-3.557760258725e-02
-3.555581390083e-02
-3.553404522360e-02
-3.551229653108e-02
-3.549056779883e-02
-3.546885900245e-02
-3.544717011757e-02
-3.542550111986e-02
-3.540385198504e-02
-3.538222268884e-02
-3.536061320704e-02
-3.533902351548e-02
-3.531745359000e-02
-3.529590340649e-02
-3.527437294090e-02
-3.525286216917e-02
-3.523137106732e-02
-3.520989961138e-02
-3.518844777744e-02
-3.516701554160e-02
-3.514560288000e-02
-3.512420976884e-02
-3.510283618434e-02
-3.508148210275e-02
-3.506014750036e-02
-3.503883235351e-02
-3.501753663856e-02
-3.499626033190e-02
-3.497500340998e-02
-3.495376584927e-02
-3.493254762627e-02
-3.491134871753e-02
-3.489016909963e-02
-3.486900874917e-02
-3.484786764282e-02
-3.482674575725e-02
-3.480564306919e-02
-3.478455955539e-02
-3.476349519263e-02
-3.474244995776e-02
-3.472142382761e-02
-3.470041677911e-02
-3.467942878916e-02
-3.465845983474e-02
-3.463750989285e-02
-3.461657894052e-02
-3.459566695481e-02
-3.457477391285e-02
-3.455389979175e-02
-3.453304456870e-02
-3.451220822090e-02
-3.449139072560e-02
-3.447059206006e-02
-3.444981220160e-02
-3.442905112757e-02
-3.440830881533e-02
-3.438758524231e-02
-3.436688038594e-02
-3.434619422371e-02
-3.432552673313e-02
-3.430487789175e-02
-3.428424767715e-02
-3.426363606694e-02
-3.424304303877e-02
-3.422246857033e-02
-3.420191263933e-02
-3.418137522351e-02
-3.416085630066e-02
-3.414035584860e-02
-3.411987384517e-02
-3.409941026825e-02
-3.407896509576e-02
-3.405853830565e-02
-3.403812987590e-02
-3.401773978452e-02
-3.399736800955e-02
-3.397701452908e-02
-3.395667932122e-02
-3.393636236412e-02
-3.391606363594e-02
-3.389578311491e-02
-3.387552077925e-02
-3.385527660726e-02
-3.383505057722e-02
-3.381484266750e-02
-3.379465285645e-02
-3.377448112248e-02
-3.375432744402e-02
-3.373419179955e-02
-3.371407416757e-02
-3.369397452660e-02
-3.367389285521e-02
-3.365382913201e-02
-3.363378333560e-02
-3.361375544467e-02
-3.359374543789e-02
-3.357375329399e-02
-3.355377899173e-02
-3.353382250988e-02
-3.351388382728e-02
-3.349396292277e-02
-3.347405977522e-02
-3.345417436355e-02
-3.343430666671e-02
-3.341445666367e-02
-3.339462433342e-02
-3.337480965502e-02
-3.335501260753e-02
-3.333523317004e-02
-3.331547132169e-02
-3.329572704163e-02
-3.327600030906e-02
-3.325629110320e-02
-3.323659940331e-02
-3.321692518865e-02
-3.319726843856e-02
-3.317762913237e-02
-3.315800724946e-02
-3.313840276923e-02
-3.311881567113e-02
-3.309924593461e-02
-3.307969353917e-02
-3.306015846434e-02
-3.304064068968e-02
-3.302114019477e-02
-3.300165695922e-02
-3.298219096270e-02
-3.296274218487e-02
-3.294331060544e-02
-3.292389620415e-02
-3.290449896076e-02
-3.288511885507e-02
-3.286575586691e-02
-3.284640997613e-02
-3.282708116262e-02
-3.280776940629e-02
-3.278847468709e-02
-3.276919698498e-02
-3.274993627998e-02
-3.273069255211e-02
-3.271146578144e-02
-3.269225594806e-02
-3.267306303209e-02
-3.265388701367e-02
-3.263472787299e-02
-3.261558559025e-02
-3.259646014569e-02
-3.257735151958e-02
-3.255825969220e-02
-3.253918464389e-02
-3.252012635499e-02
-3.250108480588e-02
-3.248205997697e-02
-3.246305184871e-02
-3.244406040155e-02
-3.242508561599e-02
-3.240612747256e-02
-3.238718595180e-02
-3.236826103430e-02
-3.234935270066e-02
-3.233046093153e-02
-3.231158570756e-02
-3.229272700945e-02
-3.227388481793e-02
-3.225505911373e-02
-3.223624987764e-02
-3.221745709046e-02
-3.219868073303e-02
-3.217992078620e-02
-3.216117723087e-02
-3.214245004795e-02
-3.212373921839e-02
-3.210504472316e-02
-3.208636654325e-02
-3.206770465970e-02
-3.204905905357e-02
-3.203042970592e-02
-3.201181659788e-02
-3.199321971058e-02
-3.197463902519e-02
-3.195607452289e-02
-3.193752618490e-02
-3.191899399248e-02
-3.190047792690e-02
-3.188197796945e-02
-3.186349410147e-02
-3.184502630430e-02
-3.182657455934e-02
-3.180813884798e-02
-3.178971915167e-02
-3.177131545187e-02
-3.175292773006e-02
-3.173455596776e-02
-3.171620014652e-02
-3.169786024791e-02
-3.167953625351e-02
-3.166122814495e-02
-3.164293590389e-02
-3.162465951199e-02
-3.160639895096e-02
-3.158815420253e-02
-3.156992524845e-02
-3.155171207050e-02
-3.153351465049e-02
-3.151533297025e-02
-3.149716701164e-02
-3.147901675655e-02
-3.146088218688e-02
-3.144276328459e-02
-3.142466003162e-02
-3.140657240997e-02
-3.138850040165e-02
-3.137044398871e-02
-3.135240315321e-02
-3.133437787725e-02
-3.131636814294e-02
-3.129837393242e-02
-3.128039522787e-02
-3.126243201149e-02
-3.124448426548e-02
-3.122655197211e-02
-3.120863511364e-02
-3.119073367236e-02
-3.117284763060e-02
-3.115497697071e-02
-3.113712167507e-02
-3.111928172606e-02
-3.110145710611e-02
-3.108364779767e-02
-3.106585378322e-02
-3.104807504525e-02
-3.103031156629e-02
-3.101256332888e-02
-3.099483031560e-02
-3.097711250905e-02
-3.095940989185e-02
-3.094172244665e-02
-3.092405015612e-02
-3.090639300295e-02
-3.088875096988e-02
-3.087112403964e-02
-3.085351219502e-02
-3.083591541880e-02
-3.081833369380e-02
-3.080076700287e-02
-3.078321532889e-02
-3.076567865473e-02
-3.074815696333e-02
-3.073065023762e-02
-3.071315846057e-02
-3.069568161517e-02
-3.067821968444e-02
-3.066077265140e-02
-3.064334049914e-02
-3.062592321073e-02
-3.060852076929e-02
-3.059113315795e-02
-3.057376035986e-02
-3.055640235822e-02
-3.053905913623e-02
-3.052173067712e-02
-3.050441696414e-02
-3.048711798057e-02
-3.046983370972e-02
-3.045256413491e-02
-3.043530923948e-02
-3.041806900682e-02
-3.040084342031e-02
-3.038363246338e-02
-3.036643611946e-02
-3.034925437203e-02
-3.033208720458e-02
-3.031493460061e-02
-3.029779654366e-02
-3.028067301730e-02
-3.026356400511e-02
-3.024646949069e-02
-3.022938945766e-02
-3.021232388969e-02
-3.019527277045e-02
-3.017823608364e-02
-3.016121381297e-02
-3.014420594219e-02
-3.012721245507e-02
-3.011023333540e-02
-3.009326856699e-02
-3.007631813367e-02
-3.005938201931e-02
-3.004246020778e-02
-3.002555268299e-02
-3.000865942887e-02
-2.999178042935e-02
-2.997491566842e-02
-2.995806513007e-02
-2.994122879831e-02
-2.992440665718e-02
-2.990759869074e-02
-2.989080488308e-02
-2.987402521831e-02
-2.985725968054e-02
-2.984050825393e-02
-2.982377092265e-02
-2.980704767090e-02
-2.979033848290e-02
-2.977364334287e-02
-2.975696223509e-02
-2.974029514384e-02
-2.972364205341e-02
-2.970700294815e-02
-2.969037781238e-02
-2.967376663050e-02
-2.965716938688e-02
-2.964058606595e-02
-2.962401665213e-02
-2.960746112990e-02
-2.959091948371e-02
-2.957439169809e-02
-2.955787775754e-02
-2.954137764662e-02
-2.952489134989e-02
-2.950841885193e-02
-2.949196013736e-02
-2.947551519081e-02
-2.945908399692e-02
-2.944266654037e-02
-2.942626280586e-02
-2.940987277810e-02
-2.939349644182e-02
-2.937713378179e-02
-2.936078478278e-02
-2.934444942960e-02
-2.932812770706e-02
-2.931181960001e-02
-2.929552509332e-02
-2.927924417186e-02
-2.926297682054e-02
-2.924672302429e-02
-2.923048276806e-02
-2.921425603682e-02
-2.919804281554e-02
-2.918184308926e-02
-2.916565684298e-02
-2.914948406178e-02
-2.913332473071e-02
-2.911717883487e-02
-2.910104635938e-02
-2.908492728937e-02
-2.906882160999e-02
-2.905272930642e-02
-2.903665036385e-02
-2.902058476751e-02
-2.900453250262e-02
-2.898849355445e-02
-2.897246790826e-02
-2.895645554937e-02
-2.894045646309e-02
-2.892447063475e-02
-2.890849804971e-02
-2.889253869336e-02
-2.887659255109e-02
-2.886065960832e-02
-2.884473985048e-02
-2.882883326305e-02
-2.881293983149e-02
-2.879705954131e-02
-2.878119237803e-02
-2.876533832718e-02
-2.874949737433e-02
-2.873366950504e-02
-2.871785470493e-02
-2.870205295961e-02
-2.868626425471e-02
-2.867048857590e-02
-2.865472590885e-02
-2.863897623926e-02
-2.862323955285e-02
-2.860751583535e-02
-2.859180507252e-02
-2.857610725014e-02
-2.856042235399e-02
-2.854475036990e-02
-2.852909128370e-02
-2.851344508124e-02
-2.849781174840e-02
-2.848219127106e-02
-2.846658363514e-02
-2.845098882657e-02
-2.843540683130e-02
-2.841983763530e-02
-2.840428122455e-02
-2.838873758507e-02
-2.837320670287e-02
-2.835768856402e-02
-2.834218315456e-02
-2.832669046059e-02
-2.831121046821e-02
-2.829574316354e-02
-2.828028853272e-02
-2.826484656190e-02
-2.824941723728e-02
-2.823400054504e-02
-2.821859647141e-02
-2.820320500261e-02
-2.818782612491e-02
-2.817245982456e-02
-2.815710608788e-02
-2.814176490115e-02
-2.812643625072e-02
-2.811112012293e-02
-2.809581650414e-02
-2.808052538075e-02
-2.806524673914e-02
-2.804998056575e-02
-2.803472684701e-02
-2.801948556939e-02
-2.800425671935e-02
-2.798904028339e-02
-2.797383624803e-02
-2.795864459979e-02
-2.794346532523e-02
-2.792829841092e-02
-2.791314384343e-02
-2.789800160938e-02
-2.788287169539e-02
-2.786775408809e-02
-2.785264877415e-02
-2.783755574024e-02
-2.782247497306e-02
-2.780740645932e-02
-2.779235018576e-02
-2.777730613911e-02
-2.776227430615e-02
-2.774725467365e-02
-2.773224722844e-02
-2.771725195731e-02
-2.770226884712e-02
-2.768729788471e-02
-2.767233905697e-02
-2.765739235077e-02
-2.764245775304e-02
-2.762753525069e-02
-2.761262483068e-02
-2.759772647996e-02
-2.758284018551e-02
-2.756796593433e-02
-2.755310371343e-02
-2.753825350985e-02
-2.752341531063e-02
-2.750858910285e-02
-2.749377487358e-02
-2.747897260993e-02
-2.746418229902e-02
-2.744940392798e-02
-2.743463748396e-02
-2.741988295415e-02
-2.740514032571e-02
-2.739040958587e-02
-2.737569072184e-02
-2.736098372087e-02
-2.734628857020e-02
-2.733160525711e-02
-2.731693376890e-02
-2.730227409287e-02
-2.728762621635e-02
-2.727299012667e-02
-2.725836581120e-02
-2.724375325732e-02
-2.722915245241e-02
-2.721456338388e-02
-2.719998603917e-02
-2.718542040571e-02
-2.717086647097e-02
-2.715632422242e-02
-2.714179364755e-02
-2.712727473388e-02
-2.711276746894e-02
-2.709827184025e-02
-2.708378783540e-02
-2.706931544195e-02
-2.705485464749e-02
-2.704040543965e-02
-2.702596780603e-02
-2.701154173430e-02
-2.699712721210e-02
-2.698272422711e-02
-2.696833276702e-02
-2.695395281955e-02
-2.693958437242e-02
-2.692522741336e-02
-2.691088193015e-02
-2.689654791055e-02
-2.688222534235e-02
-2.686791421335e-02
-2.685361451139e-02
-2.683932622431e-02
-2.682504933994e-02
-2.681078384618e-02
-2.679652973090e-02
-2.678228698201e-02
-2.676805558743e-02
-2.675383553509e-02
-2.673962681294e-02
-2.672542940896e-02
-2.671124331113e-02
-2.669706850745e-02
-2.668290498592e-02
-2.666875273459e-02
-2.665461174150e-02
-2.664048199471e-02
-2.662636348231e-02
-2.661225619238e-02
-2.659816011305e-02
-2.658407523242e-02
-2.657000153865e-02
-2.655593901989e-02
-2.654188766432e-02
-2.652784746013e-02
-2.651381839551e-02
-2.649980045869e-02
-2.648579363791e-02
-2.647179792142e-02
-2.645781329747e-02
-2.644383975437e-02
-2.642987728039e-02
-2.641592586386e-02
-2.640198549311e-02
-2.638805615647e-02
-2.637413784231e-02
-2.636023053900e-02
-2.634633423493e-02
-2.633244891851e-02
-2.631857457815e-02
-2.630471120230e-02
-2.629085877940e-02
-2.627701729792e-02
-2.626318674634e-02
-2.624936711316e-02
-2.623555838688e-02
-2.622176055604e-02
-2.620797360918e-02
-2.619419753485e-02
-2.618043232163e-02
-2.616667795809e-02
-2.615293443285e-02
-2.613920173453e-02
-2.612547985174e-02
-2.611176877314e-02
-2.609806848739e-02
-2.608437898317e-02
-2.607070024916e-02
-2.605703227408e-02
-2.604337504664e-02
-2.602972855558e-02
-2.601609278965e-02
-2.600246773762e-02
-2.598885338826e-02
-2.597524973036e-02
-2.596165675275e-02
-2.594807444424e-02
-2.593450279366e-02
-2.592094178988e-02
-2.590739142176e-02
-2.589385167818e-02
-2.588032254804e-02
-2.586680402024e-02
-2.585329608373e-02
-2.583979872742e-02
-2.582631194029e-02
-2.581283571129e-02
-2.579937002941e-02
-2.578591488365e-02
-2.577247026303e-02
-2.575903615655e-02
-2.574561255328e-02
-2.573219944225e-02
-2.571879681254e-02
-2.570540465324e-02
-2.569202295344e-02
-2.567865170225e-02
-2.566529088879e-02
-2.565194050222e-02
-2.563860053167e-02
-2.562527096633e-02
-2.561195179536e-02
-2.559864300797e-02
-2.558534459338e-02
-2.557205654079e-02
-2.555877883945e-02
-2.554551147862e-02
-2.553225444755e-02
-2.551900773553e-02
-2.550577133186e-02
-2.549254522583e-02
-2.547932940678e-02
-2.546612386403e-02
-2.545292858694e-02
-2.543974356486e-02
-2.542656878719e-02
-2.541340424330e-02
-2.540024992260e-02
-2.538710581451e-02
-2.537397190846e-02
-2.536084819390e-02
-2.534773466028e-02
-2.533463129708e-02
-2.532153809378e-02
-2.530845503989e-02
-2.529538212491e-02
-2.528231933838e-02
-2.526926666983e-02
-2.525622410882e-02
-2.524319164491e-02
-2.523016926769e-02
-2.521715696675e-02
-2.520415473170e-02
-2.519116255216e-02
-2.517818041776e-02
-2.516520831815e-02
-2.515224624299e-02
-2.513929418196e-02
-2.512635212475e-02
-2.511342006104e-02
-2.510049798057e-02
-2.508758587306e-02
-2.507468372824e-02
-2.506179153587e-02
-2.504890928572e-02
-2.503603696757e-02
-2.502317457121e-02
-2.501032208645e-02
-2.499747950310e-02
-2.498464681101e-02
-2.497182400001e-02
-2.495901105996e-02
-2.494620798074e-02
-2.493341475222e-02
-2.492063136432e-02
-2.490785780693e-02
-2.489509406998e-02
-2.488234014341e-02
-2.486959601717e-02
-2.485686168121e-02
-2.484413712552e-02
-2.483142234007e-02
-2.481871731488e-02
-2.480602203995e-02
-2.479333650532e-02
-2.478066070101e-02
-2.476799461708e-02
-2.475533824360e-02
-2.474269157064e-02
-2.473005458829e-02
-2.471742728665e-02
-2.470480965584e-02
-2.469220168599e-02
-2.467960336724e-02
-2.466701468973e-02
-2.465443564363e-02
-2.464186621913e-02
-2.462930640641e-02
-2.461675619567e-02
-2.460421557713e-02
-2.459168454102e-02
-2.457916307758e-02
-2.456665117705e-02
-2.455414882971e-02
-2.454165602583e-02
-2.452917275570e-02
-2.451669900963e-02
-2.450423477792e-02
-2.449178005091e-02
-2.447933481893e-02
-2.446689907233e-02
-2.445447280148e-02
-2.444205599676e-02
-2.442964864854e-02
-2.441725074724e-02
-2.440486228326e-02
-2.439248324703e-02
-2.438011362898e-02
-2.436775341956e-02
-2.435540260924e-02
-2.434306118848e-02
-2.433072914778e-02
-2.431840647762e-02
-2.430609316852e-02
-2.429378921100e-02
-2.428149459559e-02
-2.426920931283e-02
-2.425693335329e-02
-2.424466670753e-02
-2.423240936613e-02
-2.422016131968e-02
-2.420792255880e-02
-2.419569307409e-02
-2.418347285618e-02
-2.417126189572e-02
-2.415906018336e-02
-2.414686770975e-02
-2.413468446558e-02
-2.412251044153e-02
-2.411034562831e-02
-2.409819001661e-02
-2.408604359717e-02
-2.407390636071e-02
-2.406177829800e-02
-2.404965939977e-02
-2.403754965680e-02
-2.402544905987e-02
-2.401335759978e-02
-2.400127526732e-02
-2.398920205331e-02
-2.397713794859e-02
-2.396508294398e-02
-2.395303703034e-02
-2.394100019853e-02
-2.392897243942e-02
-2.391695374389e-02
-2.390494410285e-02
-2.389294350720e-02
-2.388095194785e-02
-2.386896941574e-02
-2.385699590182e-02
-2.384503139702e-02
-2.383307589232e-02
-2.382112937869e-02
-2.380919184712e-02
-2.379726328861e-02
-2.378534369416e-02
-2.377343305480e-02
-2.376153136155e-02
-2.374963860547e-02
-2.373775477760e-02
-2.372587986902e-02
-2.371401387079e-02
-2.370215677400e-02
-2.369030856976e-02
-2.367846924917e-02
-2.366663880336e-02
-2.365481722345e-02
-2.364300450060e-02
-2.363120062595e-02
-2.361940559067e-02
-2.360761938593e-02
-2.359584200293e-02
-2.358407343286e-02
-2.357231366693e-02
-2.356056269636e-02
-2.354882051239e-02
-2.353708710625e-02
-2.352536246920e-02
-2.351364659249e-02
-2.350193946742e-02
-2.349024108526e-02
-2.347855143731e-02
-2.346687051487e-02
-2.345519830926e-02
-2.344353481182e-02
-2.343188001389e-02
-2.342023390680e-02
-2.340859648193e-02
-2.339696773065e-02
-2.338534764433e-02
-2.337373621438e-02
-2.336213343219e-02
-2.335053928919e-02
-2.333895377679e-02
-2.332737688643e-02
-2.331580860956e-02
-2.330424893764e-02
-2.329269786213e-02
-2.328115537451e-02
-2.326962146628e-02
-2.325809612892e-02
-2.324657935396e-02
-2.323507113290e-02
-2.322357145729e-02
-2.321208031866e-02
-2.320059770856e-02
-2.318912361857e-02
-2.317765804024e-02
-2.316620096517e-02
-2.315475238494e-02
-2.314331229117e-02
-2.313188067545e-02
-2.312045752943e-02
-2.310904284474e-02
-2.309763661301e-02
-2.308623882591e-02
-2.307484947510e-02
-2.306346855226e-02
-2.305209604908e-02
-2.304073195724e-02
-2.302937626847e-02
-2.301802897447e-02
-2.300669006697e-02
-2.299535953771e-02
-2.298403737844e-02
-2.297272358092e-02
-2.296141813690e-02
-2.295012103819e-02
-2.293883227655e-02
-2.292755184379e-02
-2.291627973171e-02
-2.290501593215e-02
-2.289376043691e-02
-2.288251323785e-02
-2.287127432681e-02
-2.286004369565e-02
-2.284882133624e-02
-2.283760724045e-02
-2.282640140018e-02
-2.281520380733e-02
-2.280401445379e-02
-2.279283333150e-02
-2.278166043238e-02
-2.277049574836e-02
-2.275933927140e-02
-2.274819099345e-02
-2.273705090648e-02
-2.272591900247e-02
-2.271479527341e-02
-2.270367971129e-02
-2.269257230812e-02
-2.268147305591e-02
-2.267038194670e-02
-2.265929897252e-02
