-1.053487386862e+00
-1.053484145349e+00
-1.053478742831e+00
-1.053471179315e+00
-1.053461454809e+00
-1.053449569326e+00
-1.053435522879e+00
-1.053419315484e+00
-1.053400947161e+00
-1.053380417932e+00
-1.053357727820e+00
-1.053332876853e+00
-1.053305865060e+00
-1.053276692472e+00
-1.053245359125e+00
-1.053211865054e+00
-1.053176210301e+00
-1.053138394906e+00
-1.053098418915e+00
-1.053056282376e+00
-1.053011985337e+00
-1.052965527851e+00
-1.052916909975e+00
-1.052866131764e+00
-1.052813193280e+00
-1.052758094586e+00
-1.052700835747e+00
-1.052641416831e+00
-1.052579837910e+00
-1.052516099056e+00
-1.052450200346e+00
-1.052382141858e+00
-1.052311923674e+00
-1.052239545877e+00
-1.052165008556e+00
-1.052088311798e+00
-1.052009455697e+00
-1.051928440346e+00
-1.051845265844e+00
-1.051759932291e+00
-1.051672439789e+00
-1.051582788444e+00
-1.051490978366e+00
-1.051397009664e+00
-1.051300882452e+00
-1.051202596849e+00
-1.051102152972e+00
-1.050999550944e+00
-1.050894790891e+00
-1.050787872940e+00
-1.050678797221e+00
-1.050567563870e+00
-1.050454173021e+00
-1.050338624814e+00
-1.050220919391e+00
-1.050101056898e+00
-1.049979037482e+00
-1.049854861294e+00
-1.049728528488e+00
-1.049600039220e+00
-1.049469393651e+00
-1.049336591942e+00
-1.049201634260e+00
-1.049064520773e+00
-1.048925251653e+00
-1.048783827073e+00
-1.048640247213e+00
-1.048494512253e+00
-1.048346622376e+00
-1.048196577769e+00
-1.048044378623e+00
-1.047890025131e+00
-1.047733517488e+00
-1.047574855895e+00
-1.047414040554e+00
-1.047251071671e+00
-1.047085949454e+00
-1.046918674116e+00
-1.046749245873e+00
-1.046577664943e+00
-1.046403931548e+00
-1.046228045914e+00
-1.046050008269e+00
-1.045869818845e+00
-1.045687477878e+00
-1.045502985607e+00
-1.045316342273e+00
-1.045127548122e+00
-1.044936603404e+00
-1.044743508370e+00
-1.044548263276e+00
-1.044350868383e+00
-1.044151323954e+00
-1.043949630253e+00
-1.043745787553e+00
-1.043539796127e+00
-1.043331656252e+00
-1.043121368209e+00
-1.042908932282e+00
-1.042694348762e+00
-1.042477617938e+00
-1.042258740108e+00
-1.042037715571e+00
-1.041814544630e+00
-1.041589227592e+00
-1.041361764770e+00
-1.041132156477e+00
-1.040900403033e+00
-1.040666504760e+00
-1.040430461985e+00
-1.040192275040e+00
-1.039951944258e+00
-1.039709469978e+00
-1.039464852544e+00
-1.039218092302e+00
-1.038969189604e+00
-1.038718144804e+00
-1.038464958262e+00
-1.038209630341e+00
-1.037952161410e+00
-1.037692551840e+00
-1.037430802009e+00
-1.037166912296e+00
-1.036900883086e+00
-1.036632714770e+00
-1.036362407742e+00
-1.036089962398e+00
-1.035815379144e+00
-1.035538658385e+00
-1.035259800533e+00
-1.034978806007e+00
-1.034695675225e+00
-1.034410408615e+00
-1.034123006607e+00
-1.033833469636e+00
-1.033541798142e+00
-1.033247992570e+00
-1.032952053369e+00
-1.032653980994e+00
-1.032353775904e+00
-1.032051438564e+00
-1.031746969443e+00
-1.031440369016e+00
-1.031131637760e+00
-1.030820776162e+00
-1.030507784711e+00
-1.030192663901e+00
-1.029875414232e+00
-1.029556036210e+00
-1.029234530345e+00
-1.028910897153e+00
-1.028585137154e+00
-1.028257250877e+00
-1.027927238851e+00
-1.027595101616e+00
-1.027260839714e+00
-1.026924453693e+00
-1.026585944109e+00
-1.026245311519e+00
-1.025902556492e+00
-1.025557679596e+00
-1.025210681410e+00
-1.024861562517e+00
-1.024510323505e+00
-1.024156964969e+00
-1.023801487509e+00
-1.023443891733e+00
-1.023084178252e+00
-1.022722347686e+00
-1.022358400660e+00
-1.021992337805e+00
-1.021624159757e+00
-1.021253867162e+00
-1.020881460669e+00
-1.020506940933e+00
-1.020130308619e+00
-1.019751564395e+00
-1.019370708937e+00
-1.018987742928e+00
-1.018602667056e+00
-1.018215482018e+00
-1.017826188515e+00
-1.017434787258e+00
-1.017041278961e+00
-1.016645664349e+00
-1.016247944150e+00
-1.015848119102e+00
-1.015446189949e+00
-1.015042157442e+00
-1.014636022338e+00
-1.014227785404e+00
-1.013817447412e+00
-1.013405009142e+00
-1.012990471382e+00
-1.012573834925e+00
-1.012155100575e+00
-1.011734269142e+00
-1.011311341441e+00
-1.010886318300e+00
-1.010459200550e+00
-1.010029989032e+00
-1.009598684595e+00
-1.009165288094e+00
-1.008729800395e+00
-1.008292222369e+00
-1.007852554896e+00
-1.007410798866e+00
-1.006966955174e+00
-1.006521024726e+00
-1.006073008435e+00
-1.005622907223e+00
-1.005170722019e+00
-1.004716453763e+00
-1.004260103401e+00
-1.003801671890e+00
-1.003341160193e+00
-1.002878569284e+00
-1.002413900145e+00
-1.001947153768e+00
-1.001478331152e+00
-1.001007433306e+00
-1.000534461248e+00
-1.000059416005e+00
-9.995822986150e-01
-9.991031101226e-01
-9.986218515834e-01
-9.981385240618e-01
-9.976531286322e-01
-9.971656663782e-01
-9.966761383932e-01
-9.961845457804e-01
-9.956908896528e-01
-9.951951711330e-01
-9.946973913539e-01
-9.941975514582e-01
-9.936956525987e-01
-9.931916959386e-01
-9.926856826509e-01
-9.921776139194e-01
-9.916674909380e-01
-9.911553149110e-01
-9.906410870535e-01
-9.901248085911e-01
-9.896064807600e-01
-9.890861048073e-01
-9.885636819909e-01
-9.880392135796e-01
-9.875127008534e-01
-9.869841451030e-01
-9.864535476308e-01
-9.859209097499e-01
-9.853862327851e-01
-9.848495180725e-01
-9.843107669596e-01
-9.837699808058e-01
-9.832271609817e-01
-9.826823088699e-01
-9.821354258649e-01
-9.815865133729e-01
-9.810355728122e-01
-9.804826056133e-01
-9.799276132186e-01
-9.793705970830e-01
-9.788115586735e-01
-9.782504994698e-01
-9.776874209638e-01
-9.771223246604e-01
-9.765552120767e-01
-9.759860847429e-01
-9.754149442021e-01
-9.748417920101e-01
-9.742666297361e-01
-9.736894589620e-01
-9.731102812832e-01
-9.725290983085e-01
-9.719459116598e-01
-9.713607229729e-01
-9.707735338968e-01
-9.701843460945e-01
-9.695931612426e-01
-9.689999810316e-01
-9.684048071661e-01
-9.678076413645e-01
-9.672084853597e-01
-9.666073408986e-01
-9.660042097427e-01
-9.653990936675e-01
-9.647919944637e-01
-9.641829139360e-01
-9.635718539043e-01
-9.629588162032e-01
-9.623438026822e-01
-9.617268152059e-01
-9.611078556539e-01
-9.604869259213e-01
-9.598640279184e-01
-9.592391635709e-01
-9.586123348202e-01
-9.579835436231e-01
-9.573527919525e-01
-9.567200817968e-01
-9.560854151606e-01
-9.554487940646e-01
-9.548102205454e-01
-9.541696966560e-01
-9.535272244660e-01
-9.528828060613e-01
-9.522364435442e-01
-9.515881390340e-01
-9.509378946667e-01
-9.502857125952e-01
-9.496315949894e-01
-9.489755440363e-01
-9.483175619403e-01
-9.476576509230e-01
-9.469958132235e-01
-9.463320510983e-01
-9.456663668219e-01
-9.449987626863e-01
-9.443292410016e-01
-9.436578040957e-01
-9.429844543147e-01
-9.423091940231e-01
-9.416320256034e-01
-9.409529514569e-01
-9.402719740032e-01
-9.395890956808e-01
-9.389043189468e-01
-9.382176462774e-01
-9.375290801675e-01
-9.368386231315e-01
-9.361462777029e-01
-9.354520464345e-01
-9.347559318987e-01
-9.340579366875e-01
-9.333580634123e-01
-9.326563147049e-01
-9.319526932165e-01
-9.312472016186e-01
-9.305398426030e-01
-9.298306188816e-01
-9.291195331868e-01
-9.284065882715e-01
-9.276917869092e-01
-9.269751318943e-01
-9.262566260420e-01
-9.255362721885e-01
-9.248140731911e-01
-9.240900319286e-01
-9.233641513007e-01
-9.226364342290e-01
-9.219068836565e-01
-9.211755025480e-01
-9.204422938900e-01
-9.197072606912e-01
-9.189704059821e-01
-9.182317328157e-01
-9.174912442671e-01
-9.167489434340e-01
-9.160048334365e-01
-9.152589174175e-01
-9.145111985427e-01
-9.137616800007e-01
-9.130103650031e-01
-9.122572567849e-01
-9.115023586041e-01
-9.107456737423e-01
-9.099872055046e-01
-9.092269572196e-01
-9.084649322399e-01
-9.077011339419e-01
-9.069355657260e-01
-9.061682310168e-01
-9.053991332631e-01
-9.046282759382e-01
-9.038556625397e-01
-9.030812965900e-01
-9.023051816363e-01
-9.015273212503e-01
-9.007477190292e-01
-8.999663785950e-01
-8.991833035948e-01
-8.983984977015e-01
-8.976119646131e-01
-8.968237080532e-01
-8.960337317713e-01
-8.952420395427e-01
-8.944486351684e-01
-8.936535224757e-01
-8.928567053182e-01
-8.920581875754e-01
-8.912579731536e-01
-8.904560659854e-01
-8.896524700302e-01
-8.888471892742e-01
-8.880402277303e-01
-8.872315894386e-01
-8.864212784662e-01
-8.856092989075e-01
-8.847956548843e-01
-8.839803505457e-01
-8.831633900685e-01
-8.823447776573e-01
-8.815245175443e-01
-8.807026139898e-01
-8.798790712820e-01
-8.790538937373e-01
-8.782270857004e-01
-8.773986515443e-01
-8.765685956705e-01
-8.757369225092e-01
-8.749036365190e-01
-8.740687421876e-01
-8.732322440316e-01
-8.723941465964e-01
-8.715544544567e-01
-8.707131722164e-01
-8.698703045086e-01
-8.690258559960e-01
-8.681798313709e-01
-8.673322353550e-01
-8.664830726999e-01
-8.656323481871e-01
-8.647800666278e-01
-8.639262328635e-01
-8.630708517657e-01
-8.622139282361e-01
-8.613554672069e-01
-8.604954736406e-01
-8.596339525301e-01
-8.587709088992e-01
-8.579063478021e-01
-8.570402743240e-01
-8.561726935809e-01
-8.553036107198e-01
-8.544330309186e-01
-8.535609593866e-01
-8.526874013641e-01
-8.518123621227e-01
-8.509358469656e-01
-8.500578612273e-01
-8.491784102739e-01
-8.482974995029e-01
-8.474151343440e-01
-8.465313202581e-01
-8.456460627384e-01
-8.447593673097e-01
-8.438712395290e-01
-8.429816849851e-01
-8.420907092993e-01
-8.411983181248e-01
-8.403045171470e-01
-8.394093120840e-01
-8.385127086857e-01
-8.376147127350e-01
-8.367153300470e-01
-8.358145664692e-01
-8.349124278821e-01
-8.340089201985e-01
-8.331040493640e-01
-8.321978213570e-01
-8.312902421888e-01
-8.303813179033e-01
-8.294710545773e-01
-8.285594583208e-01
-8.276465352764e-01
-8.267322916199e-01
-8.258167335601e-01
-8.248998673389e-01
-8.239816992312e-01
-8.230622355450e-01
-8.221414826215e-01
-8.212194468352e-01
-8.202961345934e-01
-8.193715523371e-01
-8.184457065402e-01
-8.175186037098e-01
-8.165902503865e-01
-8.156606531440e-01
-8.147298185891e-01
-8.137977533623e-01
-8.128644641370e-01
-8.119299576200e-01
-8.109942405513e-01
-8.100573197042e-01
-8.091192018854e-01
-8.081798939345e-01
-8.072394027247e-01
-8.062977351621e-01
-8.053548981862e-01
-8.044108987695e-01
-8.034657439179e-01
-8.025194406701e-01
-8.015719960981e-01
-8.006234173069e-01
-7.996737114344e-01
-7.987228856517e-01
-7.977709471627e-01
-7.968179032041e-01
-7.958637610456e-01
-7.949085279897e-01
-7.939522113714e-01
-7.929948185586e-01
-7.920363569519e-01
-7.910768339841e-01
-7.901162571209e-01
-7.891546338600e-01
-7.881919717319e-01
-7.872282782989e-01
-7.862635611558e-01
-7.852978279294e-01
-7.843310862786e-01
-7.833633438941e-01
-7.823946084985e-01
-7.814248878461e-01
-7.804541897228e-01
-7.794825219463e-01
-7.785098923654e-01
-7.775363088603e-01
-7.765617793424e-01
-7.755863117544e-01
-7.746099140697e-01
-7.736325942926e-01
-7.726543604582e-01
-7.716752206320e-01
-7.706951829101e-01
-7.697142554189e-01
-7.687324463149e-01
-7.677497637847e-01
-7.667662160445e-01
-7.657818113406e-01
-7.647965579485e-01
-7.638104641733e-01
-7.628235383494e-01
-7.618357888398e-01
-7.608472240370e-01
-7.598578523618e-01
-7.588676822636e-01
-7.578767222201e-01
-7.568849807374e-01
-7.558924663492e-01
-7.548991876173e-01
-7.539051531307e-01
-7.529103715061e-01
-7.519148513872e-01
-7.509186014446e-01
-7.499216303757e-01
-7.489239469044e-01
-7.479255597807e-01
-7.469264777810e-01
-7.459267097072e-01
-7.449262643870e-01
-7.439251506733e-01
-7.429233774441e-01
-7.419209536024e-01
-7.409178880758e-01
-7.399141898160e-01
-7.389098677991e-01
-7.379049310248e-01
-7.368993885164e-01
-7.358932493208e-01
-7.348865225073e-01
-7.338792171686e-01
-7.328713424194e-01
-7.318629073968e-01
-7.308539212596e-01
-7.298443931883e-01
-7.288343323847e-01
-7.278237480715e-01
-7.268126494922e-01
-7.258010459106e-01
-7.247889466104e-01
-7.237763608954e-01
-7.227632980884e-01
-7.217497675317e-01
-7.207357785860e-01
-7.197213406307e-01
-7.187064630631e-01
-7.176911552985e-01
-7.166754267692e-01
-7.156592869251e-01
-7.146427452323e-01
-7.136258111737e-01
-7.126084942479e-01
-7.115908039693e-01
-7.105727498675e-01
-7.095543414870e-01
-7.085355883870e-01
-7.075165001406e-01
-7.064970863348e-01
-7.054773565702e-01
-7.044573204602e-01
-7.034369876308e-01
-7.024163677203e-01
-7.013954703789e-01
-7.003743052683e-01
-6.993528820611e-01
-6.983312104405e-01
-6.973093001001e-01
-6.962871607432e-01
-6.952648020826e-01
-6.942422338401e-01
-6.932194657461e-01
-6.921965075388e-01
-6.911733689647e-01
-6.901500597773e-01
-6.891265897368e-01
-6.881029686102e-01
-6.870792061703e-01
-6.860553121955e-01
-6.850312964694e-01
-6.840071687801e-01
-6.829829389201e-01
-6.819586166858e-01
-6.809342118767e-01
-6.799097342952e-01
-6.788851937464e-01
-6.778606000372e-01
-6.768359629760e-01
-6.758112923723e-01
-6.747865980363e-01
-6.737618897782e-01
-6.727371774080e-01
-6.717124707348e-01
-6.706877795665e-01
-6.696631137093e-01
-6.686384829672e-01
-6.676138971414e-01
-6.665893660302e-01
-6.655648994280e-01
-6.645405071252e-01
-6.635161989079e-01
-6.624919845566e-01
-6.614678738468e-01
-6.604438765476e-01
-6.594200024218e-01
-6.583962612252e-01
-6.573726627060e-01
-6.563492166047e-01
-6.553259326532e-01
-6.543028205744e-01
-6.532798900820e-01
-6.522571508797e-01
-6.512346126608e-01
-6.502122851078e-01
-6.491901778919e-01
-6.481683006722e-01
-6.471466630958e-01
-6.461252747969e-01
-6.451041453962e-01
-6.440832845009e-01
-6.430627017038e-01
-6.420424065830e-01
-6.410224087012e-01
-6.400027176056e-01
-6.389833428271e-01
-6.379642938798e-01
-6.369455802609e-01
-6.359272114496e-01
-6.349091969072e-01
-6.338915460764e-01
-6.328742683806e-01
-6.318573732240e-01
-6.308408699903e-01
-6.298247680430e-01
-6.288090767246e-01
-6.277938053559e-01
-6.267789632360e-01
-6.257645596415e-01
-6.247506038261e-01
-6.237371050202e-01
-6.227240724306e-01
-6.217115152394e-01
-6.206994426043e-01
-6.196878636578e-01
-6.186767875067e-01
-6.176662232318e-01
-6.166561798872e-01
-6.156466665002e-01
-6.146376920705e-01
-6.136292655701e-01
-6.126213959426e-01
-6.116140921029e-01
-6.106073629366e-01
-6.096012172997e-01
-6.085956640184e-01
-6.075907118881e-01
-6.065863696734e-01
-6.055826461078e-01
-6.045795498927e-01
-6.035770896977e-01
-6.025752741596e-01
-6.015741118822e-01
-6.005736114363e-01
-5.995737813584e-01
-5.985746301513e-01
-5.975761662830e-01
-5.965783981865e-01
-5.955813342596e-01
-5.945849828643e-01
-5.935893523266e-01
-5.925944509359e-01
-5.916002869448e-01
-5.906068685688e-01
-5.896142039856e-01
-5.886223013351e-01
-5.876311687189e-01
-5.866408142000e-01
-5.856512458023e-01
-5.846624715106e-01
-5.836744992697e-01
-5.826873369847e-01
-5.817009925203e-01
-5.807154737004e-01
-5.797307883080e-01
-5.787469440850e-01
-5.777639487314e-01
-5.767818099056e-01
-5.758005352236e-01
-5.748201322588e-01
-5.738406085421e-01
-5.728619715612e-01
-5.718842287603e-01
-5.709073875400e-01
-5.699314552572e-01
-5.689564392244e-01
-5.679823467098e-01
-5.670091849366e-01
-5.660369610835e-01
-5.650656822836e-01
-5.640953556248e-01
-5.631259881491e-01
-5.621575868528e-01
-5.611901586859e-01
-5.602237105521e-01
-5.592582493085e-01
-5.582937817654e-01
-5.573303146860e-01
-5.563678547865e-01
-5.554064087354e-01
-5.544459831539e-01
-5.534865846151e-01
-5.525282196445e-01
-5.515708947191e-01
-5.506146162677e-01
-5.496593906708e-01
-5.487052242600e-01
-5.477521233183e-01
-5.468000940794e-01
-5.458491427285e-01
-5.448992754009e-01
-5.439504981830e-01
-5.430028171114e-01
-5.420562381734e-01
-5.411107673062e-01
-5.401664103974e-01
-5.392231732844e-01
-5.382810617547e-01
-5.373400815457e-01
-5.364002383442e-01
-5.354615377870e-01
-5.345239854603e-01
-5.335875868997e-01
-5.326523475904e-01
-5.317182729668e-01
-5.307853684126e-01
-5.298536392608e-01
-5.289230907934e-01
-5.279937282417e-01
-5.270655567861e-01
-5.261385815557e-01
-5.252128076290e-01
-5.242882400332e-01
-5.233648837447e-01
-5.224427436885e-01
-5.215218247389e-01
-5.206021317188e-01
-5.196836694002e-01
-5.187664425038e-01
-5.178504556995e-01
-5.169357136058e-01
-5.160222207903e-01
-5.151099817696e-01
-5.141990010093e-01
-5.132892829237e-01
-5.123808318764e-01
-5.114736521802e-01
-5.105677480966e-01
-5.096631238367e-01
-5.087597835604e-01
-5.078577313772e-01
-5.069569713458e-01
-5.060575074742e-01
-5.051593437199e-01
-5.042624839901e-01
-5.033669321413e-01
-5.024726919799e-01
-5.015797672619e-01
-5.006881616933e-01
-4.997978789299e-01
-4.989089225778e-01
-4.980212961928e-01
-4.971350032813e-01
-4.962500472999e-01
-4.953664316556e-01
-4.944841597061e-01
-4.936032347598e-01
-4.927236600757e-01
-4.918454388639e-01
-4.909685742855e-01
-4.900930694529e-01
-4.892189274296e-01
-4.883461512308e-01
-4.874747438231e-01
-4.866047081249e-01
-4.857360470068e-01
-4.848687632909e-01
-4.840028597520e-01
-4.831383391169e-01
-4.822752040652e-01
-4.814134572290e-01
-4.805531011933e-01
-4.796941384961e-01
-4.788365716288e-01
-4.779804030357e-01
-4.771256351152e-01
-4.762722702189e-01
-4.754203106528e-01
-4.745697586765e-01
-4.737206165043e-01
-4.728728863047e-01
-4.720265702010e-01
-4.711816702713e-01
-4.703381885487e-01
-4.694961270217e-01
-4.686554876340e-01
-4.678162722853e-01
-4.669784828309e-01
-4.661421210822e-01
-4.653071888071e-01
-4.644736877296e-01
-4.636416195308e-01
-4.628109858485e-01
-4.619817882777e-01
-4.611540283708e-01
-4.603277076377e-01
-4.595028275461e-01
-4.586793895218e-01
-4.578573949488e-01
-4.570368451697e-01
-4.562177414856e-01
-4.554000851567e-01
-4.545838774024e-01
-4.537691194013e-01
-4.529558122919e-01
-4.521439571725e-01
-4.513335551013e-01
-4.505246070971e-01
-4.497171141392e-01
-4.489110771679e-01
-4.481064970842e-01
-4.473033747508e-01
-4.465017109917e-01
-4.457015065929e-01
-4.449027623024e-01
-4.441054788303e-01
-4.433096568495e-01
-4.425152969957e-01
-4.417223998673e-01
-4.409309660264e-01
-4.401409959984e-01
-4.393524902727e-01
-4.385654493024e-01
-4.377798735052e-01
-4.369957632632e-01
-4.362131189234e-01
-4.354319407978e-01
-4.346522291637e-01
-4.338739842639e-01
-4.330972063071e-01
-4.323218954680e-01
-4.315480518878e-01
-4.307756756740e-01
-4.300047669011e-01
-4.292353256107e-01
-4.284673518117e-01
-4.277008454805e-01
-4.269358065616e-01
-4.261722349674e-01
-4.254101305787e-01
-4.246494932450e-01
-4.238903227845e-01
-4.231326189848e-01
-4.223763816027e-01
-4.216216103646e-01
-4.208683049669e-01
-4.201164650762e-01
-4.193660903293e-01
-4.186171803338e-01
-4.178697346682e-01
-4.171237528821e-01
-4.163792344967e-01
-4.156361790047e-01
-4.148945858706e-01
-4.141544545313e-01
-4.134157843961e-01
-4.126785748470e-01
-4.119428252386e-01
-4.112085348991e-01
-4.104757031299e-01
-4.097443292062e-01
-4.090144123768e-01
-4.082859518651e-01
-4.075589468687e-01
-4.068333965598e-01
-4.061093000856e-01
-4.053866565684e-01
-4.046654651059e-01
-4.039457247715e-01
-4.032274346144e-01
-4.025105936600e-01
-4.017952009099e-01
-4.010812553425e-01
-4.003687559128e-01
-3.996577015533e-01
-3.989480911733e-01
-3.982399236599e-01
-3.975331978781e-01
-3.968279126707e-01
-3.961240668590e-01
-3.954216592424e-01
-3.947206885994e-01
-3.940211536874e-01
-3.933230532427e-01
-3.926263859813e-01
-3.919311505988e-01
-3.912373457706e-01
-3.905449701521e-01
-3.898540223792e-01
-3.891645010682e-01
-3.884764048162e-01
-3.877897322014e-01
-3.871044817831e-01
-3.864206521020e-01
-3.857382416804e-01
-3.850572490226e-01
-3.843776726150e-01
-3.836995109261e-01
-3.830227624070e-01
-3.823474254916e-01
-3.816734985966e-01
-3.810009801220e-01
-3.803298684509e-01
-3.796601619502e-01
-3.789918589705e-01
-3.783249578463e-01
-3.776594568964e-01
-3.769953544238e-01
-3.763326487162e-01
-3.756713380461e-01
-3.750114206710e-01
-3.743528948335e-01
-3.736957587615e-01
-3.730400106687e-01
-3.723856487545e-01
-3.717326712040e-01
-3.710810761890e-01
-3.704308618670e-01
-3.697820263826e-01
-3.691345678668e-01
-3.684884844375e-01
-3.678437742000e-01
-3.672004352465e-01
-3.665584656570e-01
-3.659178634988e-01
-3.652786268275e-01
-3.646407536863e-01
-3.640042421068e-01
-3.633690901088e-01
-3.627352957009e-01
-3.621028568802e-01
-3.614717716328e-01
-3.608420379338e-01
-3.602136537477e-01
-3.595866170281e-01
-3.589609257185e-01
-3.583365777519e-01
-3.577135710514e-01
-3.570919035301e-01
-3.564715730913e-01
-3.558525776287e-01
-3.552349150267e-01
-3.546185831602e-01
-3.540035798952e-01
-3.533899030886e-01
-3.527775505885e-01
-3.521665202344e-01
-3.515568098574e-01
-3.509484172800e-01
-3.503413403168e-01
-3.497355767741e-01
-3.491311244504e-01
-3.485279811367e-01
-3.479261446159e-01
-3.473256126639e-01
-3.467263830491e-01
-3.461284535328e-01
-3.455318218690e-01
-3.449364858053e-01
-3.443424430822e-01
-3.437496914337e-01
-3.431582285873e-01
-3.425680522643e-01
-3.419791601795e-01
-3.413915500419e-01
-3.408052195545e-01
-3.402201664145e-01
-3.396363883135e-01
-3.390538829372e-01
-3.384726479664e-01
-3.378926810762e-01
-3.373139799368e-01
-3.367365422132e-01
-3.361603655655e-01
-3.355854476490e-01
-3.350117861145e-01
-3.344393786079e-01
-3.338682227710e-01
-3.332983162411e-01
-3.327296566513e-01
-3.321622416306e-01
-3.315960688042e-01
-3.310311357932e-01
-3.304674402150e-01
-3.299049796836e-01
-3.293437518090e-01
-3.287837541983e-01
-3.282249844549e-01
-3.276674401792e-01
-3.271111189684e-01
-3.265560184166e-01
-3.260021361154e-01
-3.254494696531e-01
-3.248980166157e-01
-3.243477745864e-01
-3.237987411459e-01
-3.232509138727e-01
-3.227042903428e-01
-3.221588681301e-01
-3.216146448063e-01
-3.210716179413e-01
-3.205297851028e-01
-3.199891438569e-01
-3.194496917678e-01
-3.189114263982e-01
-3.183743453093e-01
-3.178384460605e-01
-3.173037262101e-01
-3.167701833152e-01
-3.162378149314e-01
-3.157066186134e-01
-3.151765919147e-01
-3.146477323880e-01
-3.141200375851e-01
-3.135935050570e-01
-3.130681323538e-01
-3.125439170253e-01
-3.120208566204e-01
-3.114989486879e-01
-3.109781907760e-01
-3.104585804324e-01
-3.099401152049e-01
-3.094227926409e-01
-3.089066102878e-01
-3.083915656929e-01
-3.078776564035e-01
-3.073648799673e-01
-3.068532339319e-01
-3.063427158452e-01
-3.058333232555e-01
-3.053250537114e-01
-3.048179047621e-01
-3.043118739571e-01
-3.038069588467e-01
-3.033031569818e-01
-3.028004659140e-01
-3.022988831956e-01
-3.017984063798e-01
-3.012990330208e-01
-3.008007606736e-01
-3.003035868943e-01
-2.998075092402e-01
-2.993125252695e-01
-2.988186325418e-01
-2.983258286178e-01
-2.978341110597e-01
-2.973434774309e-01
-2.968539252963e-01
-2.963654522222e-01
-2.958780557766e-01
-2.953917335289e-01
-2.949064830502e-01
-2.944223019133e-01
-2.939391876928e-01
-2.934571379650e-01
-2.929761503081e-01
-2.924962223020e-01
-2.920173515288e-01
-2.915395355724e-01
-2.910627720189e-01
-2.905870584562e-01
-2.901123924746e-01
-2.896387716664e-01
-2.891661936263e-01
-2.886946559509e-01
-2.882241562394e-01
-2.877546920933e-01
-2.872862611165e-01
-2.868188609150e-01
-2.863524890978e-01
-2.858871432760e-01
-2.854228210634e-01
-2.849595200763e-01
-2.844972379338e-01
-2.840359722574e-01
-2.835757206715e-01
-2.831164808031e-01
-2.826582502822e-01
-2.822010267413e-01
-2.817448078160e-01
-2.812895911446e-01
-2.808353743683e-01
-2.803821551315e-01
-2.799299310813e-01
-2.794786998680e-01
-2.790284591447e-01
-2.785792065679e-01
-2.781309397969e-01
-2.776836564944e-01
-2.772373543261e-01
-2.767920309609e-01
-2.763476840710e-01
-2.759043113318e-01
-2.754619104221e-01
-2.750204790239e-01
-2.745800148225e-01
-2.741405155067e-01
-2.737019787686e-01
-2.732644023037e-01
-2.728277838111e-01
-2.723921209932e-01
-2.719574115559e-01
-2.715236532088e-01
-2.710908436648e-01
-2.706589806406e-01
-2.702280618564e-01
-2.697980850359e-01
-2.693690479066e-01
-2.689409481996e-01
-2.685137836497e-01
-2.680875519953e-01
-2.676622509787e-01
-2.672378783458e-01
-2.668144318463e-01
-2.663919092337e-01
-2.659703082653e-01
-2.655496267022e-01
-2.651298623094e-01
-2.647110128556e-01
-2.642930761137e-01
-2.638760498601e-01
-2.634599318755e-01
-2.630447199441e-01
-2.626304118544e-01
-2.622170053987e-01
-2.618044983733e-01
-2.613928885785e-01
-2.609821738187e-01
-2.605723519021e-01
-2.601634206412e-01
-2.597553778523e-01
-2.593482213560e-01
-2.589419489767e-01
-2.585365585432e-01
-2.581320478883e-01
-2.577284148487e-01
-2.573256572656e-01
-2.569237729840e-01
-2.565227598533e-01
-2.561226157270e-01
-2.557233384626e-01
-2.553249259222e-01
-2.549273759715e-01
-2.545306864810e-01
-2.541348553251e-01
-2.537398803825e-01
-2.533457595362e-01
-2.529524906732e-01
-2.525600716851e-01
-2.521685004676e-01
-2.517777749206e-01
-2.513878929484e-01
-2.509988524596e-01
-2.506106513670e-01
-2.502232875878e-01
-2.498367590435e-01
-2.494510636599e-01
-2.490661993671e-01
-2.486821640996e-01
-2.482989557961e-01
-2.479165723999e-01
-2.475350118585e-01
-2.471542721237e-01
-2.467743511517e-01
-2.463952469032e-01
-2.460169573431e-01
-2.456394804408e-01
-2.452628141701e-01
-2.448869565090e-01
-2.445119054402e-01
-2.441376589506e-01
-2.437642150314e-01
-2.433915716784e-01
-2.430197268918e-01
-2.426486786762e-01
-2.422784250404e-01
-2.419089639980e-01
-2.415402935667e-01
-2.411724117688e-01
-2.408053166309e-01
-2.404390061842e-01
-2.400734784641e-01
-2.397087315107e-01
-2.393447633683e-01
-2.389815720859e-01
-2.386191557165e-01
-2.382575123181e-01
-2.378966399527e-01
-2.375365366868e-01
-2.371772005917e-01
-2.368186297427e-01
-2.364608222198e-01
-2.361037761073e-01
-2.357474894940e-01
-2.353919604732e-01
-2.350371871426e-01
-2.346831676044e-01
-2.343298999651e-01
-2.339773823357e-01
-2.336256128317e-01
-2.332745895730e-01
-2.329243106840e-01
-2.325747742935e-01
-2.322259785346e-01
-2.318779215450e-01
-2.315306014668e-01
-2.311840164466e-01
-2.308381646353e-01
-2.304930441882e-01
-2.301486532653e-01
-2.298049900306e-01
-2.294620526530e-01
-2.291198393054e-01
-2.287783481653e-01
-2.284375774148e-01
-2.280975252400e-01
-2.277581898317e-01
-2.274195693852e-01
-2.270816620998e-01
-2.267444661796e-01
-2.264079798328e-01
-2.260722012724e-01
-2.257371287152e-01
-2.254027603830e-01
-2.250690945015e-01
-2.247361293010e-01
-2.244038630163e-01
-2.240722938862e-01
-2.237414201543e-01
-2.234112400683e-01
-2.230817518802e-01
-2.227529538466e-01
-2.224248442283e-01
-2.220974212904e-01
-2.217706833024e-01
-2.214446285383e-01
-2.211192552762e-01
-2.207945617985e-01
-2.204705463922e-01
-2.201472073483e-01
-2.198245429624e-01
-2.195025515342e-01
-2.191812313677e-01
-2.188605807714e-01
-2.185405980579e-01
-2.182212815442e-01
-2.179026295514e-01
-2.175846404051e-01
-2.172673124351e-01
-2.169506439754e-01
-2.166346333644e-01
-2.163192789444e-01
-2.160045790625e-01
-2.156905320695e-01
-2.153771363208e-01
-2.150643901759e-01
-2.147522919985e-01
-2.144408401565e-01
-2.141300330222e-01
-2.138198689718e-01
-2.135103463859e-01
-2.132014636494e-01
-2.128932191510e-01
-2.125856112839e-01
-2.122786384455e-01
-2.119722990371e-01
-2.116665914644e-01
-2.113615141371e-01
-2.110570654691e-01
-2.107532438785e-01
-2.104500477875e-01
-2.101474756223e-01
-2.098455258135e-01
-2.095441967954e-01
-2.092434870068e-01
-2.089433948904e-01
-2.086439188929e-01
-2.083450574654e-01
-2.080468090628e-01
-2.077491721441e-01
-2.074521451725e-01
-2.071557266151e-01
-2.068599149431e-01
-2.065647086318e-01
-2.062701061604e-01
-2.059761060123e-01
-2.056827066748e-01
-2.053899066392e-01
-2.050977044008e-01
-2.048060984590e-01
-2.045150873171e-01
-2.042246694824e-01
-2.039348434661e-01
-2.036456077835e-01
-2.033569609537e-01
-2.030689014999e-01
-2.027814279491e-01
-2.024945388324e-01
-2.022082326847e-01
-2.019225080448e-01
-2.016373634554e-01
-2.013527974633e-01
-2.010688086190e-01
-2.007853954769e-01
-2.005025565953e-01
-2.002202905364e-01
-1.999385958663e-01
-1.996574711547e-01
-1.993769149756e-01
-1.990969259064e-01
-1.988175025285e-01
-1.985386434272e-01
-1.982603471915e-01
-1.979826124143e-01
-1.977054376921e-01
-1.974288216255e-01
-1.971527628186e-01
-1.968772598793e-01
-1.966023114195e-01
-1.963279160547e-01
-1.960540724040e-01
-1.957807790905e-01
-1.955080347409e-01
-1.952358379855e-01
-1.949641874587e-01
-1.946930817981e-01
-1.944225196454e-01
-1.941524996458e-01
-1.938830204482e-01
-1.936140807053e-01
-1.933456790732e-01
-1.930778142119e-01
-1.928104847850e-01
-1.925436894595e-01
-1.922774269065e-01
-1.920116958003e-01
-1.917464948190e-01
-1.914818226442e-01
-1.912176779613e-01
-1.909540594591e-01
-1.906909658299e-01
-1.904283957699e-01
-1.901663479786e-01
-1.899048211590e-01
-1.896438140180e-01
-1.893833252656e-01
-1.891233536156e-01
-1.888638977854e-01
-1.886049564955e-01
-1.883465284704e-01
-1.880886124377e-01
-1.878312071288e-01
-1.875743112784e-01
-1.873179236246e-01
-1.870620429091e-01
-1.868066678771e-01
-1.865517972771e-01
-1.862974298611e-01
-1.860435643845e-01
-1.857901996062e-01
-1.855373342885e-01
-1.852849671969e-01
-1.850330971005e-01
-1.847817227717e-01
-1.845308429865e-01
-1.842804565239e-01
-1.840305621665e-01
-1.837811587001e-01
-1.835322449141e-01
-1.832838196009e-01
-1.830358815565e-01
-1.827884295801e-01
-1.825414624742e-01
-1.822949790446e-01
-1.820489781004e-01
-1.818034584541e-01
-1.815584189212e-01
-1.813138583208e-01
-1.810697754751e-01
-1.808261692094e-01
-1.805830383524e-01
-1.803403817362e-01
-1.800981981958e-01
-1.798564865696e-01
-1.796152456991e-01
-1.793744744292e-01
-1.791341716078e-01
-1.788943360861e-01
-1.786549667184e-01
-1.784160623621e-01
-1.781776218779e-01
-1.779396441296e-01
-1.777021279842e-01
-1.774650723117e-01
-1.772284759853e-01
-1.769923378813e-01
-1.767566568792e-01
-1.765214318614e-01
-1.762866617136e-01
-1.760523453245e-01
-1.758184815859e-01
-1.755850693925e-01
-1.753521076424e-01
-1.751195952363e-01
-1.748875310785e-01
-1.746559140757e-01
-1.744247431382e-01
-1.741940171790e-01
-1.739637351142e-01
-1.737338958628e-01
-1.735044983470e-01
-1.732755414917e-01
-1.730470242251e-01
-1.728189454781e-01
-1.725913041848e-01
-1.723640992820e-01
-1.721373297097e-01
-1.719109944105e-01
-1.716850923304e-01
-1.714596224178e-01
-1.712345836245e-01
-1.710099749048e-01
-1.707857952162e-01
-1.705620435189e-01
-1.703387187761e-01
-1.701158199537e-01
-1.698933460207e-01
-1.696712959488e-01
-1.694496687126e-01
-1.692284632896e-01
-1.690076786599e-01
-1.687873138068e-01
-1.685673677160e-01
-1.683478393764e-01
-1.681287277794e-01
-1.679100319195e-01
-1.676917507935e-01
-1.674738834016e-01
-1.672564287463e-01
-1.670393858330e-01
-1.668227536700e-01
-1.666065312681e-01
-1.663907176410e-01
-1.661753118051e-01
-1.659603127796e-01
-1.657457195863e-01
-1.655315312497e-01
-1.653177467971e-01
-1.651043652584e-01
-1.648913856663e-01
-1.646788070561e-01
-1.644666284658e-01
-1.642548489360e-01
-1.640434675100e-01
-1.638324832338e-01
-1.636218951561e-01
-1.634117023280e-01
-1.632019038033e-01
-1.629924986386e-01
-1.627834858931e-01
-1.625748646282e-01
-1.623666339084e-01
-1.621587928006e-01
-1.619513403742e-01
-1.617442757012e-01
-1.615375978563e-01
-1.613313059166e-01
-1.611253989619e-01
-1.609198760744e-01
-1.607147363389e-01
-1.605099788428e-01
-1.603056026759e-01
-1.601016069306e-01
-1.598979907018e-01
-1.596947530868e-01
-1.594918931857e-01
-1.592894101006e-01
-1.590873029366e-01
-1.588855708009e-01
-1.586842128033e-01
-1.584832280560e-01
-1.582826156738e-01
-1.580823747738e-01
-1.578825044756e-01
-1.576830039013e-01
-1.574838721752e-01
-1.572851084242e-01
-1.570867117776e-01
-1.568886813671e-01
-1.566910163267e-01
-1.564937157929e-01
-1.562967789045e-01
-1.561002048028e-01
-1.559039926313e-01
-1.557081415359e-01
-1.555126506651e-01
-1.553175191693e-01
-1.551227462017e-01
-1.549283309175e-01
-1.547342724744e-01
-1.545405700323e-01
-1.543472227536e-01
-1.541542298028e-01
-1.539615903468e-01
-1.537693035548e-01
-1.535773685983e-01
-1.533857846511e-01
-1.531945508891e-01
-1.530036664906e-01
-1.528131306362e-01
-1.526229425088e-01
-1.524331012933e-01
-1.522436061770e-01
-1.520544563496e-01
-1.518656510027e-01
-1.516771893303e-01
-1.514890705286e-01
-1.513012937960e-01
-1.511138583332e-01
-1.509267633428e-01
-1.507400080300e-01
-1.505535916018e-01
-1.503675132676e-01
-1.501817722389e-01
-1.499963677295e-01
-1.498112989550e-01
-1.496265651335e-01
-1.494421654852e-01
-1.492580992322e-01
-1.490743655991e-01
-1.488909638122e-01
-1.487078931003e-01
-1.485251526941e-01
-1.483427418264e-01
-1.481606597322e-01
-1.479789056486e-01
-1.477974788147e-01
-1.476163784716e-01
-1.474356038628e-01
-1.472551542336e-01
-1.470750288314e-01
-1.468952269057e-01
-1.467157477080e-01
-1.465365904918e-01
-1.463577545130e-01
-1.461792390290e-01
-1.460010432995e-01
-1.458231665863e-01
-1.456456081531e-01
-1.454683672656e-01
-1.452914431915e-01
-1.451148352006e-01
-1.449385425645e-01
-1.447625645570e-01
-1.445869004538e-01
-1.444115495325e-01
-1.442365110726e-01
-1.440617843559e-01
-1.438873686658e-01
-1.437132632879e-01
-1.435394675095e-01
-1.433659806201e-01
-1.431928019109e-01
-1.430199306753e-01
-1.428473662082e-01
-1.426751078068e-01
-1.425031547702e-01
-1.423315063991e-01
-1.421601619963e-01
-1.419891208666e-01
-1.418183823165e-01
-1.416479456544e-01
-1.414778101907e-01
-1.413079752376e-01
-1.411384401090e-01
-1.409692041210e-01
-1.408002665913e-01
-1.406316268395e-01
-1.404632841871e-01
-1.402952379573e-01
-1.401274874755e-01
-1.399600320683e-01
-1.397928710648e-01
-1.396260037954e-01
-1.394594295926e-01
-1.392931477905e-01
-1.391271577253e-01
-1.389614587346e-01
-1.387960501581e-01
-1.386309313372e-01
-1.384661016151e-01
-1.383015603366e-01
-1.381373068485e-01
-1.379733404992e-01
-1.378096606389e-01
-1.376462666197e-01
-1.374831577951e-01
-1.373203335208e-01
-1.371577931539e-01
-1.369955360532e-01
-1.368335615796e-01
-1.366718690952e-01
-1.365104579644e-01
-1.363493275527e-01
-1.361884772278e-01
-1.360279063588e-01
-1.358676143167e-01
-1.357076004740e-01
-1.355478642051e-01
-1.353884048858e-01
-1.352292218938e-01
-1.350703146085e-01
-1.349116824107e-01
-1.347533246832e-01
-1.345952408102e-01
-1.344374301776e-01
-1.342798921731e-01
-1.341226261858e-01
-1.339656316066e-01
-1.338089078281e-01
-1.336524542442e-01
-1.334962702509e-01
-1.333403552453e-01
-1.331847086265e-01
-1.330293297951e-01
-1.328742181532e-01
-1.327193731047e-01
-1.325647940548e-01
-1.324104804105e-01
-1.322564315804e-01
-1.321026469745e-01
-1.319491260047e-01
-1.317958680841e-01
-1.316428726275e-01
-1.314901390513e-01
-1.313376667736e-01
-1.311854552136e-01
-1.310335037926e-01
-1.308818119331e-01
-1.307303790591e-01
-1.305792045963e-01
-1.304282879720e-01
-1.302776286147e-01
-1.301272259547e-01
-1.299770794238e-01
-1.298271884551e-01
-1.296775524835e-01
-1.295281709450e-01
-1.293790432776e-01
-1.292301689204e-01
-1.290815473141e-01
-1.289331779009e-01
-1.287850601245e-01
-1.286371934301e-01
-1.284895772643e-01
-1.283422110751e-01
-1.281950943122e-01
-1.280482264264e-01
-1.279016068703e-01
-1.277552350978e-01
-1.276091105642e-01
-1.274632327263e-01
-1.273176010423e-01
-1.271722149719e-01
-1.270270739762e-01
-1.268821775176e-01
-1.267375250600e-01
-1.265931160689e-01
-1.264489500109e-01
-1.263050263541e-01
-1.261613445683e-01
-1.260179041241e-01
-1.258747044941e-01
-1.257317451520e-01
-1.255890255727e-01
-1.254465452329e-01
-1.253043036105e-01
-1.251623001845e-01
-1.250205344358e-01
-1.248790058461e-01
-1.247377138989e-01
-1.245966580789e-01
-1.244558378720e-01
-1.243152527658e-01
-1.241749022488e-01
-1.240347858112e-01
-1.238949029444e-01
-1.237552531412e-01
-1.236158358955e-01
-1.234766507029e-01
-1.233376970599e-01
-1.231989744647e-01
-1.230604824166e-01
-1.229222204162e-01
-1.227841879655e-01
-1.226463845678e-01
-1.225088097275e-01
-1.223714629507e-01
-1.222343437443e-01
-1.220974516168e-01
-1.219607860780e-01
-1.218243466387e-01
-1.216881328113e-01
-1.215521441093e-01
-1.214163800475e-01
-1.212808401420e-01
-1.211455239099e-01
-1.210104308701e-01
-1.208755605421e-01
-1.207409124473e-01
-1.206064861077e-01
-1.204722810471e-01
-1.203382967901e-01
-1.202045328629e-01
-1.200709887927e-01
-1.199376641079e-01
-1.198045583383e-01
-1.196716710148e-01
-1.195390016696e-01
-1.194065498360e-01
-1.192743150485e-01
-1.191422968429e-01
-1.190104947563e-01
-1.188789083267e-01
-1.187475370935e-01
-1.186163805973e-01
-1.184854383798e-01
-1.183547099839e-01
-1.182241949537e-01
-1.180938928346e-01
-1.179638031729e-01
-1.178339255163e-01
-1.177042594135e-01
-1.175748044145e-01
-1.174455600705e-01
-1.173165259336e-01
-1.171877015574e-01
-1.170590864963e-01
-1.169306803060e-01
-1.168024825435e-01
-1.166744927668e-01
-1.165467105349e-01
-1.164191354081e-01
-1.162917669478e-01
-1.161646047165e-01
-1.160376482779e-01
-1.159108971968e-01
-1.157843510389e-01
-1.156580093713e-01
-1.155318717621e-01
-1.154059377805e-01
-1.152802069968e-01
-1.151546789823e-01
-1.150293533097e-01
-1.149042295525e-01
-1.147793072853e-01
-1.146545860840e-01
-1.145300655255e-01
-1.144057451875e-01
-1.142816246492e-01
-1.141577034907e-01
-1.140339812931e-01
-1.139104576386e-01
-1.137871321105e-01
-1.136640042932e-01
-1.135410737721e-01
-1.134183401337e-01
-1.132958029655e-01
-1.131734618560e-01
-1.130513163949e-01
-1.129293661728e-01
-1.128076107814e-01
-1.126860498135e-01
-1.125646828628e-01
-1.124435095242e-01
-1.123225293935e-01
-1.122017420674e-01
-1.120811471440e-01
-1.119607442221e-01
-1.118405329016e-01
-1.117205127834e-01
-1.116006834695e-01
-1.114810445628e-01
-1.113615956673e-01
-1.112423363880e-01
-1.111232663306e-01
-1.110043851024e-01
-1.108856923110e-01
-1.107671875656e-01
-1.106488704759e-01
-1.105307406529e-01
-1.104127977085e-01
-1.102950412556e-01
-1.101774709079e-01
-1.100600862803e-01
-1.099428869885e-01
-1.098258726493e-01
-1.097090428805e-01
-1.095923973006e-01
-1.094759355293e-01
-1.093596571873e-01
-1.092435618959e-01
-1.091276492778e-01
-1.090119189564e-01
-1.088963705559e-01
-1.087810037019e-01
-1.086658180205e-01
-1.085508131389e-01
-1.084359886853e-01
-1.083213442887e-01
-1.082068795792e-01
-1.080925941876e-01
-1.079784877458e-01
-1.078645598866e-01
-1.077508102437e-01
-1.076372384516e-01
-1.075238441458e-01
-1.074106269629e-01
-1.072975865400e-01
-1.071847225155e-01
-1.070720345285e-01
-1.069595222190e-01
-1.068471852280e-01
-1.067350231973e-01
-1.066230357696e-01
-1.065112225885e-01
-1.063995832986e-01
-1.062881175451e-01
-1.061768249744e-01
-1.060657052336e-01
-1.059547579708e-01
-1.058439828348e-01
-1.057333794754e-01
-1.056229475432e-01
-1.055126866897e-01
-1.054025965673e-01
-1.052926768293e-01
-1.051829271296e-01
-1.050733471233e-01
-1.049639364662e-01
-1.048546948149e-01
-1.047456218268e-01
-1.046367171605e-01
-1.045279804749e-01
-1.044194114303e-01
-1.043110096874e-01
-1.042027749079e-01
-1.040947067545e-01
-1.039868048904e-01
-1.038790689800e-01
-1.037714986881e-01
-1.036640936808e-01
-1.035568536246e-01
-1.034497781872e-01
-1.033428670367e-01
-1.032361198424e-01
-1.031295362742e-01
-1.030231160029e-01
-1.029168587000e-01
-1.028107640380e-01
-1.027048316900e-01
-1.025990613300e-01
-1.024934526327e-01
-1.023880052739e-01
-1.022827189299e-01
-1.021775932778e-01
-1.020726279956e-01
-1.019678227620e-01
-1.018631772567e-01
-1.017586911599e-01
-1.016543641528e-01
-1.015501959172e-01
-1.014461861357e-01
-1.013423344920e-01
-1.012386406700e-01
-1.011351043550e-01
-1.010317252325e-01
-1.009285029891e-01
-1.008254373121e-01
-1.007225278896e-01
-1.006197744103e-01
-1.005171765638e-01
-1.004147340405e-01
-1.003124465314e-01
-1.002103137283e-01
-1.001083353239e-01
-1.000065110114e-01
-9.990484048489e-02
-9.980332343922e-02
-9.970195956992e-02
-9.960074857329e-02
-9.949969014635e-02
-9.939878398688e-02
-9.929802979336e-02
-9.919742726502e-02
-9.909697610181e-02
-9.899667600443e-02
-9.889652667427e-02
-9.879652781346e-02
-9.869667912486e-02
-9.859698031202e-02
-9.849743107924e-02
-9.839803113151e-02
-9.829878017454e-02
-9.819967791476e-02
-9.810072405929e-02
-9.800191831597e-02
-9.790326039333e-02
-9.780475000062e-02
-9.770638684779e-02
-9.760817064547e-02
-9.751010110501e-02
-9.741217793842e-02
-9.731440085845e-02
-9.721676957850e-02
-9.711928381268e-02
-9.702194327578e-02
-9.692474768327e-02
-9.682769675132e-02
-9.673079019676e-02
-9.663402773712e-02
-9.653740909058e-02
-9.644093397603e-02
-9.634460211300e-02
-9.624841322172e-02
-9.615236702307e-02
-9.605646323860e-02
-9.596070159053e-02
-9.586508180176e-02
-9.576960359582e-02
-9.567426669692e-02
-9.557907082994e-02
-9.548401572038e-02
-9.538910109444e-02
-9.529432667893e-02
-9.519969220135e-02
-9.510519738982e-02
-9.501084197312e-02
-9.491662568068e-02
-9.482254824257e-02
-9.472860938949e-02
-9.463480885281e-02
-9.454114636450e-02
-9.444762165720e-02
-9.435423446418e-02
-9.426098451932e-02
-9.416787155716e-02
-9.407489531285e-02
-9.398205552218e-02
-9.388935192157e-02
-9.379678424804e-02
-9.370435223926e-02
-9.361205563352e-02
-9.351989416970e-02
-9.342786758734e-02
-9.333597562656e-02
-9.324421802812e-02
-9.315259453338e-02
-9.306110488431e-02
-9.296974882349e-02
-9.287852609411e-02
-9.278743643998e-02
-9.269647960549e-02
-9.260565533564e-02
-9.251496337604e-02
-9.242440347289e-02
-9.233397537300e-02
-9.224367882375e-02
-9.215351357315e-02
-9.206347936978e-02
-9.197357596280e-02
-9.188380310200e-02
-9.179416053771e-02
-9.170464802089e-02
-9.161526530305e-02
-9.152601213630e-02
-9.143688827333e-02
-9.134789346741e-02
-9.125902747238e-02
-9.117029004268e-02
-9.108168093328e-02
-9.099319989978e-02
-9.090484669831e-02
-9.081662108559e-02
-9.072852281889e-02
-9.064055165608e-02
-9.055270735557e-02
-9.046498967633e-02
-9.037739837792e-02
-9.028993322043e-02
-9.020259396453e-02
-9.011538037144e-02
-9.002829220294e-02
-8.994132922136e-02
-8.985449118959e-02
-8.976777787107e-02
-8.968118902979e-02
-8.959472443028e-02
-8.950838383764e-02
-8.942216701749e-02
-8.933607373601e-02
-8.925010375992e-02
-8.916425685648e-02
-8.907853279349e-02
-8.899293133929e-02
-8.890745226276e-02
-8.882209533332e-02
-8.873686032089e-02
-8.865174699598e-02
-8.856675512958e-02
-8.848188449324e-02
-8.839713485902e-02
-8.831250599953e-02
-8.822799768788e-02
-8.814360969773e-02
-8.805934180323e-02
-8.797519377908e-02
-8.789116540049e-02
-8.780725644319e-02
-8.772346668342e-02
-8.763979589795e-02
-8.755624386405e-02
-8.747281035950e-02
-8.738949516262e-02
-8.730629805220e-02
-8.722321880757e-02
-8.714025720855e-02
-8.705741303549e-02
-8.697468606920e-02
-8.689207609105e-02
-8.680958288285e-02
-8.672720622697e-02
-8.664494590625e-02
-8.656280170401e-02
-8.648077340411e-02
-8.639886079087e-02
-8.631706364911e-02
-8.623538176417e-02
-8.615381492184e-02
-8.607236290842e-02
-8.599102551072e-02
-8.590980251599e-02
-8.582869371201e-02
-8.574769888702e-02
-8.566681782975e-02
-8.558605032941e-02
-8.550539617569e-02
-8.542485515878e-02
-8.534442706931e-02
-8.526411169842e-02
-8.518390883770e-02
-8.510381827925e-02
-8.502383981560e-02
-8.494397323979e-02
-8.486421834529e-02
-8.478457492609e-02
-8.470504277661e-02
-8.462562169174e-02
-8.454631146685e-02
-8.446711189777e-02
-8.438802278079e-02
-8.430904391267e-02
-8.423017509061e-02
-8.415141611228e-02
-8.407276677583e-02
-8.399422687984e-02
-8.391579622335e-02
-8.383747460586e-02
-8.375926182733e-02
-8.368115768815e-02
-8.360316198919e-02
-8.352527453175e-02
-8.344749511757e-02
-8.336982354887e-02
-8.329225962830e-02
-8.321480315893e-02
-8.313745394431e-02
-8.306021178842e-02
-8.298307649568e-02
-8.290604787095e-02
-8.282912571952e-02
-8.275230984714e-02
-8.267560005998e-02
-8.259899616464e-02
-8.252249796819e-02
-8.244610527808e-02
-8.236981790224e-02
-8.229363564901e-02
-8.221755832715e-02
-8.214158574586e-02
-8.206571771478e-02
-8.198995404396e-02
-8.191429454388e-02
-8.183873902543e-02
-8.176328729996e-02
-8.168793917921e-02
-8.161269447535e-02
-8.153755300096e-02
-8.146251456907e-02
-8.138757899309e-02
-8.131274608687e-02
-8.123801566466e-02
-8.116338754115e-02
-8.108886153141e-02
-8.101443745095e-02
-8.094011511568e-02
-8.086589434190e-02
-8.079177494636e-02
-8.071775674620e-02
-8.064383955894e-02
-8.057002320255e-02
-8.049630749537e-02
-8.042269225617e-02
-8.034917730410e-02
-8.027576245872e-02
-8.020244754000e-02
-8.012923236830e-02
-8.005611676438e-02
-7.998310054939e-02
-7.991018354490e-02
-7.983736557284e-02
-7.976464645556e-02
-7.969202601580e-02
-7.961950407668e-02
-7.954708046173e-02
-7.947475499486e-02
-7.940252750035e-02
-7.933039780291e-02
-7.925836572760e-02
-7.918643109989e-02
-7.911459374561e-02
-7.904285349101e-02
-7.897121016268e-02
-7.889966358764e-02
-7.882821359324e-02
-7.875686000725e-02
-7.868560265781e-02
-7.861444137342e-02
-7.854337598297e-02
-7.847240631574e-02
-7.840153220136e-02
-7.833075346984e-02
-7.826006995159e-02
-7.818948147736e-02
-7.811898787828e-02
-7.804858898585e-02
-7.797828463196e-02
-7.790807464883e-02
-7.783795886908e-02
-7.776793712568e-02
-7.769800925197e-02
-7.762817508167e-02
-7.755843444883e-02
-7.748878718789e-02
-7.741923313365e-02
-7.734977212125e-02
-7.728040398622e-02
-7.721112856442e-02
-7.714194569209e-02
-7.707285520582e-02
-7.700385694256e-02
-7.693495073959e-02
-7.686613643459e-02
-7.679741386556e-02
-7.672878287085e-02
-7.666024328919e-02
-7.659179495963e-02
-7.652343772160e-02
-7.645517141485e-02
-7.638699587949e-02
-7.631891095599e-02
-7.625091648515e-02
-7.618301230812e-02
-7.611519826639e-02
-7.604747420180e-02
-7.597983995654e-02
-7.591229537313e-02
-7.584484029443e-02
-7.577747456364e-02
-7.571019802432e-02
-7.564301052034e-02
-7.557591189592e-02
-7.550890199563e-02
-7.544198066434e-02
-7.537514774730e-02
-7.530840309007e-02
-7.524174653853e-02
-7.517517793891e-02
-7.510869713779e-02
-7.504230398204e-02
-7.497599831888e-02
-7.490977999588e-02
-7.484364886089e-02
-7.477760476213e-02
-7.471164754814e-02
-7.464577706775e-02
-7.457999317017e-02
-7.451429570489e-02
-7.444868452175e-02
-7.438315947090e-02
-7.431772040281e-02
-7.425236716827e-02
-7.418709961840e-02
-7.412191760464e-02
-7.405682097873e-02
-7.399180959275e-02
-7.392688329908e-02
-7.386204195042e-02
-7.379728539980e-02
-7.373261350055e-02
-7.366802610631e-02
-7.360352307103e-02
-7.353910424900e-02
-7.347476949479e-02
-7.341051866329e-02
-7.334635160971e-02
-7.328226818956e-02
-7.321826825866e-02
-7.315435167312e-02
-7.309051828940e-02
-7.302676796422e-02
-7.296310055462e-02
-7.289951591796e-02
-7.283601391189e-02
-7.277259439436e-02
-7.270925722363e-02
-7.264600225825e-02
-7.258282935709e-02
-7.251973837929e-02
-7.245672918432e-02
-7.239380163193e-02
-7.233095558217e-02
-7.226819089540e-02
-7.220550743224e-02
-7.214290505366e-02
-7.208038362087e-02
-7.201794299541e-02
-7.195558303909e-02
-7.189330361404e-02
-7.183110458265e-02
-7.176898580763e-02
-7.170694715195e-02
-7.164498847889e-02
-7.158310965202e-02
-7.152131053518e-02
-7.145959099252e-02
-7.139795088846e-02
-7.133639008771e-02
-7.127490845526e-02
-7.121350585640e-02
-7.115218215670e-02
-7.109093722198e-02
-7.102977091840e-02
-7.096868311235e-02
-7.090767367053e-02
-7.084674245991e-02
-7.078588934774e-02
-7.072511420154e-02
-7.066441688914e-02
-7.060379727860e-02
-7.054325523830e-02
-7.048279063686e-02
-7.042240334321e-02
-7.036209322653e-02
-7.030186015628e-02
-7.024170400220e-02
-7.018162463429e-02
-7.012162192283e-02
-7.006169573837e-02
-7.000184595173e-02
-6.994207243401e-02
-6.988237505655e-02
-6.982275369100e-02
-6.976320820925e-02
-6.970373848345e-02
-6.964434438604e-02
-6.958502578972e-02
-6.952578256744e-02
-6.946661459243e-02
-6.940752173819e-02
-6.934850387846e-02
-6.928956088725e-02
-6.923069263886e-02
-6.917189900780e-02
-6.911317986890e-02
-6.905453509719e-02
-6.899596456801e-02
-6.893746815693e-02
-6.887904573978e-02
-6.882069719266e-02
-6.876242239192e-02
-6.870422121416e-02
-6.864609353626e-02
-6.858803923531e-02
-6.853005818870e-02
-6.847215027405e-02
-6.841431536924e-02
-6.835655335240e-02
-6.829886410191e-02
-6.824124749641e-02
-6.818370341477e-02
-6.812623173614e-02
-6.806883233990e-02
-6.801150510568e-02
-6.795424991336e-02
-6.789706664307e-02
-6.783995517518e-02
-6.778291539032e-02
-6.772594716936e-02
-6.766905039341e-02
-6.761222494382e-02
-6.755547070219e-02
-6.749878755038e-02
-6.744217537046e-02
-6.738563404478e-02
-6.732916345589e-02
-6.727276348662e-02
-6.721643402001e-02
-6.716017493936e-02
-6.710398612820e-02
-6.704786747031e-02
-6.699181884968e-02
-6.693584015057e-02
-6.687993125745e-02
-6.682409205506e-02
-6.676832242834e-02
-6.671262226249e-02
-6.665699144293e-02
-6.660142985532e-02
-6.654593738555e-02
-6.649051391976e-02
-6.643515934429e-02
-6.637987354575e-02
-6.632465641094e-02
-6.626950782693e-02
-6.621442768099e-02
-6.615941586064e-02
-6.610447225362e-02
-6.604959674790e-02
-6.599478923168e-02
-6.594004959338e-02
-6.588537772166e-02
-6.583077350538e-02
-6.577623683366e-02
-6.572176759583e-02
-6.566736568144e-02
-6.561303098026e-02
-6.555876338231e-02
-6.550456277780e-02
-6.545042905718e-02
-6.539636211112e-02
-6.534236183051e-02
-6.528842810647e-02
-6.523456083032e-02
-6.518075989362e-02
-6.512702518813e-02
-6.507335660586e-02
-6.501975403900e-02
-6.496621737999e-02
-6.491274652146e-02
-6.485934135627e-02
-6.480600177751e-02
-6.475272767847e-02
-6.469951895264e-02
-6.464637549376e-02
-6.459329719576e-02
-6.454028395279e-02
-6.448733565921e-02
-6.443445220959e-02
-6.438163349873e-02
-6.432887942163e-02
-6.427618987348e-02
-6.422356474972e-02
-6.417100394598e-02
-6.411850735808e-02
-6.406607488210e-02
-6.401370641427e-02
-6.396140185108e-02
-6.390916108918e-02
-6.385698402547e-02
-6.380487055703e-02
-6.375282058115e-02
-6.370083399533e-02
-6.364891069728e-02
-6.359705058491e-02
-6.354525355633e-02
-6.349351950985e-02
-6.344184834399e-02
-6.339023995749e-02
-6.333869424925e-02
-6.328721111842e-02
-6.323579046431e-02
-6.318443218647e-02
-6.313313618460e-02
-6.308190235865e-02
-6.303073060874e-02
-6.297962083521e-02
-6.292857293856e-02
-6.287758681954e-02
-6.282666237906e-02
-6.277579951823e-02
-6.272499813838e-02
-6.267425814101e-02
-6.262357942783e-02
-6.257296190074e-02
-6.252240546184e-02
-6.247191001342e-02
-6.242147545796e-02
-6.237110169814e-02
-6.232078863684e-02
-6.227053617710e-02
-6.222034422220e-02
-6.217021267557e-02
-6.212014144086e-02
-6.207013042189e-02
-6.202017952268e-02
-6.197028864744e-02
-6.192045770056e-02
-6.187068658664e-02
-6.182097521044e-02
-6.177132347693e-02
-6.172173129127e-02
-6.167219855878e-02
-6.162272518500e-02
-6.157331107562e-02
-6.152395613656e-02
-6.147466027388e-02
-6.142542339386e-02
-6.137624540295e-02
-6.132712620777e-02
-6.127806571516e-02
-6.122906383211e-02
-6.118012046580e-02
-6.113123552361e-02
-6.108240891307e-02
-6.103364054193e-02
-6.098493031809e-02
-6.093627814964e-02
-6.088768394486e-02
-6.083914761219e-02
-6.079066906028e-02
-6.074224819792e-02
-6.069388493411e-02
-6.064557917801e-02
-6.059733083897e-02
-6.054913982651e-02
-6.050100605033e-02
-6.045292942030e-02
-6.040490984648e-02
-6.035694723909e-02
-6.030904150853e-02
-6.026119256538e-02
-6.021340032039e-02
-6.016566468450e-02
-6.011798556879e-02
-6.007036288453e-02
-6.002279654318e-02
-5.997528645636e-02
-5.992783253584e-02
-5.988043469359e-02
-5.983309284175e-02
-5.978580689262e-02
-5.973857675867e-02
-5.969140235254e-02
-5.964428358705e-02
-5.959722037519e-02
-5.955021263009e-02
-5.950326026509e-02
-5.945636319367e-02
-5.940952132949e-02
-5.936273458636e-02
-5.931600287829e-02
-5.926932611942e-02
-5.922270422408e-02
-5.917613710676e-02
-5.912962468211e-02
-5.908316686495e-02
-5.903676357026e-02
-5.899041471320e-02
-5.894412020907e-02
-5.889787997336e-02
-5.885169392169e-02
-5.880556196987e-02
-5.875948403386e-02
-5.871346002979e-02
-5.866748987395e-02
-5.862157348278e-02
-5.857571077290e-02
-5.852990166107e-02
-5.848414606423e-02
-5.843844389945e-02
-5.839279508401e-02
-5.834719953529e-02
-5.830165717088e-02
-5.825616790849e-02
-5.821073166601e-02
-5.816534836148e-02
-5.812001791310e-02
-5.807474023922e-02
-5.802951525836e-02
-5.798434288918e-02
-5.793922305051e-02
-5.789415566132e-02
-5.784914064076e-02
-5.780417790811e-02
-5.775926738282e-02
-5.771440898448e-02
-5.766960263284e-02
-5.762484824781e-02
-5.758014574945e-02
-5.753549505797e-02
-5.749089609373e-02
-5.744634877725e-02
-5.740185302918e-02
-5.735740877036e-02
-5.731301592175e-02
-5.726867440447e-02
-5.722438413978e-02
-5.718014504912e-02
-5.713595705404e-02
-5.709182007627e-02
-5.704773403767e-02
-5.700369886026e-02
-5.695971446620e-02
-5.691578077781e-02
-5.687189771754e-02
-5.682806520801e-02
-5.678428317196e-02
-5.674055153230e-02
-5.669687021207e-02
-5.665323913447e-02
-5.660965822283e-02
-5.656612740064e-02
-5.652264659152e-02
-5.647921571926e-02
-5.643583470775e-02
-5.639250348108e-02
-5.634922196343e-02
-5.630599007917e-02
-5.626280775277e-02
-5.621967490888e-02
-5.617659147227e-02
-5.613355736786e-02
-5.609057252070e-02
-5.604763685601e-02
-5.600475029911e-02
-5.596191277550e-02
-5.591912421080e-02
-5.587638453077e-02
-5.583369366131e-02
-5.579105152846e-02
-5.574845805842e-02
-5.570591317750e-02
-5.566341681215e-02
-5.562096888898e-02
-5.557856933473e-02
-5.553621807626e-02
-5.549391504058e-02
-5.545166015485e-02
-5.540945334634e-02
-5.536729454248e-02
-5.532518367083e-02
-5.528312065907e-02
-5.524110543504e-02
-5.519913792670e-02
-5.515721806214e-02
-5.511534576960e-02
-5.507352097745e-02
-5.503174361418e-02
-5.499001360843e-02
-5.494833088897e-02
-5.490669538471e-02
-5.486510702466e-02
-5.482356573801e-02
-5.478207145404e-02
-5.474062410219e-02
-5.469922361203e-02
-5.465786991324e-02
-5.461656293565e-02
-5.457530260921e-02
-5.453408886401e-02
-5.449292163027e-02
-5.445180083832e-02
-5.441072641866e-02
-5.436969830188e-02
-5.432871641871e-02
-5.428778070001e-02
-5.424689107679e-02
-5.420604748015e-02
-5.416524984135e-02
-5.412449809175e-02
-5.408379216287e-02
-5.404313198632e-02
-5.400251749386e-02
-5.396194861739e-02
-5.392142528889e-02
-5.388094744052e-02
-5.384051500452e-02
-5.380012791329e-02
-5.375978609933e-02
-5.371948949527e-02
-5.367923803389e-02
-5.363903164806e-02
-5.359887027078e-02
-5.355875383520e-02
-5.351868227456e-02
-5.347865552225e-02
-5.343867351176e-02
-5.339873617672e-02
-5.335884345088e-02
-5.331899526810e-02
-5.327919156237e-02
-5.323943226780e-02
-5.319971731863e-02
-5.316004664921e-02
-5.312042019402e-02
-5.308083788765e-02
-5.304129966481e-02
-5.300180546035e-02
-5.296235520920e-02
-5.292294884646e-02
-5.288358630732e-02
-5.284426752708e-02
-5.280499244117e-02
-5.276576098516e-02
-5.272657309470e-02
-5.268742870557e-02
-5.264832775370e-02
-5.260927017508e-02
-5.257025590587e-02
-5.253128488231e-02
-5.249235704079e-02
-5.245347231777e-02
-5.241463064988e-02
-5.237583197382e-02
-5.233707622644e-02
-5.229836334468e-02
-5.225969326561e-02
-5.222106592641e-02
-5.218248126437e-02
-5.214393921691e-02
-5.210543972154e-02
-5.206698271591e-02
-5.202856813777e-02
-5.199019592497e-02
-5.195186601550e-02
-5.191357834745e-02
-5.187533285901e-02
-5.183712948851e-02
-5.179896817438e-02
-5.176084885514e-02
-5.172277146946e-02
-5.168473595609e-02
-5.164674225390e-02
-5.160879030189e-02
-5.157088003915e-02
-5.153301140488e-02
-5.149518433839e-02
-5.145739877912e-02
-5.141965466660e-02
-5.138195194047e-02
-5.134429054049e-02
-5.130667040652e-02
-5.126909147854e-02
-5.123155369661e-02
-5.119405700094e-02
-5.115660133181e-02
-5.111918662964e-02
-5.108181283494e-02
-5.104447988831e-02
-5.100718773050e-02
-5.096993630234e-02
-5.093272554476e-02
-5.089555539882e-02
-5.085842580566e-02
-5.082133670655e-02
-5.078428804285e-02
-5.074727975602e-02
-5.071031178766e-02
-5.067338407943e-02
-5.063649657313e-02
-5.059964921063e-02
-5.056284193395e-02
-5.052607468518e-02
-5.048934740651e-02
-5.045266004027e-02
-5.041601252885e-02
-5.037940481478e-02
-5.034283684066e-02
-5.030630854922e-02
-5.026981988328e-02
-5.023337078577e-02
-5.019696119971e-02
-5.016059106823e-02
-5.012426033456e-02
-5.008796894203e-02
-5.005171683409e-02
-5.001550395425e-02
-4.997933024617e-02
-4.994319565357e-02
-4.990710012029e-02
-4.987104359027e-02
-4.983502600755e-02
-4.979904731625e-02
-4.976310746063e-02
-4.972720638502e-02
-4.969134403385e-02
-4.965552035165e-02
-4.961973528306e-02
-4.958398877281e-02
-4.954828076573e-02
-4.951261120675e-02
-4.947698004089e-02
-4.944138721329e-02
-4.940583266915e-02
-4.937031635381e-02
-4.933483821266e-02
-4.929939819124e-02
-4.926399623514e-02
-4.922863229008e-02
-4.919330630186e-02
-4.915801821636e-02
-4.912276797960e-02
-4.908755553766e-02
-4.905238083671e-02
-4.901724382306e-02
-4.898214444307e-02
-4.894708264321e-02
-4.891205837004e-02
-4.887707157024e-02
-4.884212219054e-02
-4.880721017781e-02
-4.877233547898e-02
-4.873749804109e-02
-4.870269781126e-02
-4.866793473673e-02
-4.863320876481e-02
-4.859851984290e-02
-4.856386791851e-02
-4.852925293923e-02
-4.849467485275e-02
-4.846013360684e-02
-4.842562914938e-02
-4.839116142833e-02
-4.835673039175e-02
-4.832233598777e-02
-4.828797816464e-02
-4.825365687068e-02
-4.821937205430e-02
-4.818512366403e-02
-4.815091164846e-02
-4.811673595627e-02
-4.808259653624e-02
-4.804849333726e-02
-4.801442630826e-02
-4.798039539831e-02
-4.794640055654e-02
-4.791244173218e-02
-4.787851887454e-02
-4.784463193302e-02
-4.781078085713e-02
-4.777696559643e-02
-4.774318610061e-02
-4.770944231941e-02
-4.767573420268e-02
-4.764206170036e-02
-4.760842476247e-02
-4.757482333911e-02
-4.754125738047e-02
-4.750772683685e-02
-4.747423165860e-02
-4.744077179618e-02
-4.740734720013e-02
-4.737395782109e-02
-4.734060360975e-02
-4.730728451693e-02
-4.727400049350e-02
-4.724075149044e-02
-4.720753745880e-02
-4.717435834973e-02
-4.714121411444e-02
-4.710810470424e-02
-4.707503007054e-02
-4.704199016481e-02
-4.700898493862e-02
-4.697601434360e-02
-4.694307833150e-02
-4.691017685413e-02
-4.687730986338e-02
-4.684447731124e-02
-4.681167914977e-02
-4.677891533113e-02
-4.674618580753e-02
-4.671349053130e-02
-4.668082945483e-02
-4.664820253060e-02
-4.661560971117e-02
-4.658305094919e-02
-4.655052619737e-02
-4.651803540852e-02
-4.648557853553e-02
-4.645315553137e-02
-4.642076634908e-02
-4.638841094181e-02
-4.635608926276e-02
-4.632380126522e-02
-4.629154690257e-02
-4.625932612825e-02
-4.622713889581e-02
-4.619498515885e-02
-4.616286487107e-02
-4.613077798625e-02
-4.609872445822e-02
-4.606670424093e-02
-4.603471728839e-02
-4.600276355468e-02
-4.597084299398e-02
-4.593895556052e-02
-4.590710120865e-02
-4.587527989275e-02
-4.584349156732e-02
-4.581173618691e-02
-4.578001370616e-02
-4.574832407979e-02
-4.571666726260e-02
-4.568504320944e-02
-4.565345187528e-02
-4.562189321513e-02
-4.559036718409e-02
-4.555887373736e-02
-4.552741283018e-02
-4.549598441788e-02
-4.546458845587e-02
-4.543322489965e-02
-4.540189370476e-02
-4.537059482684e-02
-4.533932822161e-02
-4.530809384485e-02
-4.527689165243e-02
-4.524572160029e-02
-4.521458364443e-02
-4.518347774095e-02
-4.515240384600e-02
-4.512136191584e-02
-4.509035190676e-02
-4.505937377516e-02
-4.502842747749e-02
-4.499751297029e-02
-4.496663021017e-02
-4.493577915381e-02
-4.490495975796e-02
-4.487417197946e-02
-4.484341577521e-02
-4.481269110218e-02
-4.478199791741e-02
-4.475133617804e-02
-4.472070584126e-02
-4.469010686433e-02
-4.465953920458e-02
-4.462900281944e-02
-4.459849766639e-02
-4.456802370297e-02
-4.453758088682e-02
-4.450716917563e-02
-4.447678852718e-02
-4.444643889930e-02
-4.441612024992e-02
-4.438583253700e-02
-4.435557571861e-02
-4.432534975287e-02
-4.429515459798e-02
-4.426499021221e-02
-4.423485655389e-02
-4.420475358142e-02
-4.417468125329e-02
-4.414463952804e-02
-4.411462836429e-02
-4.408464772073e-02
-4.405469755610e-02
-4.402477782925e-02
-4.399488849905e-02
-4.396502952448e-02
-4.393520086457e-02
-4.390540247842e-02
-4.387563432520e-02
-4.384589636414e-02
-4.381618855457e-02
-4.378651085584e-02
-4.375686322741e-02
-4.372724562878e-02
-4.369765801954e-02
-4.366810035933e-02
-4.363857260786e-02
-4.360907472493e-02
-4.357960667038e-02
-4.355016840412e-02
-4.352075988614e-02
-4.349138107649e-02
-4.346203193529e-02
-4.343271242272e-02
-4.340342249903e-02
-4.337416212454e-02
-4.334493125963e-02
-4.331572986475e-02
-4.328655790042e-02
-4.325741532722e-02
-4.322830210580e-02
-4.319921819686e-02
-4.317016356118e-02
-4.314113815962e-02
-4.311214195307e-02
-4.308317490252e-02
-4.305423696899e-02
-4.302532811360e-02
-4.299644829750e-02
-4.296759748194e-02
-4.293877562822e-02
-4.290998269768e-02
-4.288121865176e-02
-4.285248345195e-02
-4.282377705980e-02
-4.279509943692e-02
-4.276645054501e-02
-4.273783034580e-02
-4.270923880110e-02
-4.268067587278e-02
-4.265214152278e-02
-4.262363571309e-02
-4.259515840578e-02
-4.256670956297e-02
-4.253828914684e-02
-4.250989711964e-02
-4.248153344368e-02
-4.245319808134e-02
-4.242489099505e-02
-4.239661214731e-02
-4.236836150068e-02
-4.234013901777e-02
-4.231194466128e-02
-4.228377839394e-02
-4.225564017856e-02
-4.222752997801e-02
-4.219944775522e-02
-4.217139347317e-02
-4.214336709492e-02
-4.211536858357e-02
-4.208739790231e-02
-4.205945501435e-02
-4.203153988301e-02
-4.200365247161e-02
-4.197579274359e-02
-4.194796066242e-02
-4.192015619162e-02
-4.189237929479e-02
-4.186462993559e-02
-4.183690807773e-02
-4.180921368498e-02
-4.178154672117e-02
-4.175390715020e-02
-4.172629493601e-02
-4.169871004262e-02
-4.167115243408e-02
-4.164362207454e-02
-4.161611892817e-02
-4.158864295923e-02
-4.156119413201e-02
-4.153377241087e-02
-4.150637776024e-02
-4.147901014459e-02
-4.145166952846e-02
-4.142435587644e-02
-4.139706915319e-02
-4.136980932342e-02
-4.134257635188e-02
-4.131537020341e-02
-4.128819084289e-02
-4.126103823526e-02
-4.123391234551e-02
-4.120681313869e-02
-4.117974057992e-02
-4.115269463437e-02
-4.112567526725e-02
-4.109868244386e-02
-4.107171612952e-02
-4.104477628962e-02
-4.101786288963e-02
-4.099097589503e-02
-4.096411527141e-02
-4.093728098436e-02
-4.091047299957e-02
-4.088369128277e-02
-4.085693579974e-02
-4.083020651631e-02
-4.080350339840e-02
-4.077682641194e-02
-4.075017552294e-02
-4.072355069747e-02
-4.069695190164e-02
-4.067037910162e-02
-4.064383226363e-02
-4.061731135397e-02
-4.059081633896e-02
-4.056434718498e-02
-4.053790385850e-02
-4.051148632600e-02
-4.048509455403e-02
-4.045872850921e-02
-4.043238815819e-02
-4.040607346769e-02
-4.037978440446e-02
-4.035352093535e-02
-4.032728302721e-02
-4.030107064698e-02
-4.027488376164e-02
-4.024872233822e-02
-4.022258634381e-02
-4.019647574555e-02
-4.017039051064e-02
-4.014433060632e-02
-4.011829599989e-02
-4.009228665870e-02
-4.006630255016e-02
-4.004034364172e-02
-4.001440990089e-02
-3.998850129523e-02
-3.996261779235e-02
-3.993675935993e-02
-3.991092596566e-02
-3.988511757734e-02
-3.985933416277e-02
-3.983357568982e-02
-3.980784212643e-02
-3.978213344056e-02
-3.975644960024e-02
-3.973079057355e-02
-3.970515632861e-02
-3.967954683362e-02
-3.965396205678e-02
-3.962840196639e-02
-3.960286653078e-02
-3.957735571833e-02
-3.955186949747e-02
-3.952640783669e-02
-3.950097070452e-02
-3.947555806954e-02
-3.945016990039e-02
-3.942480616575e-02
-3.939946683435e-02
-3.937415187498e-02
-3.934886125647e-02
-3.932359494771e-02
-3.929835291762e-02
-3.927313513519e-02
-3.924794156945e-02
-3.922277218948e-02
-3.919762696441e-02
-3.917250586342e-02
-3.914740885574e-02
-3.912233591064e-02
-3.909728699746e-02
-3.907226208555e-02
-3.904726114435e-02
-3.902228414333e-02
-3.899733105201e-02
-3.897240183995e-02
-3.894749647678e-02
-3.892261493215e-02
-3.889775717578e-02
-3.887292317743e-02
-3.884811290691e-02
-3.882332633408e-02
-3.879856342883e-02
-3.877382416113e-02
-3.874910850096e-02
-3.872441641838e-02
-3.869974788349e-02
-3.867510286641e-02
-3.865048133734e-02
-3.862588326652e-02
-3.860130862423e-02
-3.857675738079e-02
-3.855222950659e-02
-3.852772497204e-02
-3.850324374762e-02
-3.847878580383e-02
-3.845435111126e-02
-3.842993964049e-02
-3.840555136220e-02
-3.838118624707e-02
-3.835684426586e-02
-3.833252538936e-02
-3.830822958841e-02
-3.828395683390e-02
-3.825970709675e-02
-3.823548034794e-02
-3.821127655850e-02
-3.818709569949e-02
-3.816293774203e-02
-3.813880265728e-02
-3.811469041643e-02
-3.809060099074e-02
-3.806653435150e-02
-3.804249047005e-02
-3.801846931777e-02
-3.799447086610e-02
-3.797049508651e-02
-3.794654195051e-02
-3.792261142967e-02
-3.789870349560e-02
-3.787481811994e-02
-3.785095527440e-02
-3.782711493071e-02
-3.780329706065e-02
-3.777950163607e-02
-3.775572862882e-02
-3.773197801083e-02
-3.770824975405e-02
-3.768454383049e-02
-3.766086021220e-02
-3.763719887127e-02
-3.761355977984e-02
-3.758994291007e-02
-3.756634823420e-02
-3.754277572448e-02
-3.751922535323e-02
-3.749569709280e-02
-3.747219091558e-02
-3.744870679401e-02
-3.742524470057e-02
-3.740180460778e-02
-3.737838648820e-02
-3.735499031445e-02
-3.733161605918e-02
-3.730826369507e-02
-3.728493319487e-02
-3.726162453135e-02
-3.723833767733e-02
-3.721507260568e-02
-3.719182928929e-02
-3.716860770112e-02
-3.714540781415e-02
-3.712222960141e-02
-3.709907303598e-02
-3.707593809097e-02
-3.705282473953e-02
-3.702973295485e-02
-3.700666271019e-02
-3.698361397881e-02
-3.696058673404e-02
-3.693758094924e-02
-3.691459659781e-02
-3.689163365321e-02
-3.686869208890e-02
-3.684577187842e-02
-3.682287299533e-02
-3.679999541325e-02
-3.677713910582e-02
-3.675430404674e-02
-3.673149020972e-02
-3.670869756854e-02
-3.668592609701e-02
-3.666317576899e-02
-3.664044655835e-02
-3.661773843905e-02
-3.659505138503e-02
-3.657238537032e-02
-3.654974036897e-02
-3.652711635507e-02
-3.650451330275e-02
-3.648193118618e-02
-3.645936997958e-02
-3.643682965718e-02
-3.641431019328e-02
-3.639181156222e-02
-3.636933373835e-02
-3.634687669608e-02
-3.632444040987e-02
-3.630202485420e-02
-3.627963000359e-02
-3.625725583261e-02
-3.623490231586e-02
-3.621256942798e-02
-3.619025714365e-02
-3.616796543760e-02
-3.614569428458e-02
-3.612344365938e-02
-3.610121353685e-02
-3.607900389185e-02
-3.605681469931e-02
-3.603464593416e-02
-3.601249757139e-02
-3.599036958605e-02
-3.596826195318e-02
-3.594617464789e-02
-3.592410764532e-02
-3.590206092065e-02
-3.588003444910e-02
-3.585802820593e-02
-3.583604216641e-02
-3.581407630589e-02
-3.579213059973e-02
-3.577020502334e-02
-3.574829955215e-02
-3.572641416164e-02
-3.570454882734e-02
-3.568270352479e-02
-3.566087822960e-02
-3.563907291737e-02
-3.561728756379e-02
-3.559552214455e-02
-3.557377663539e-02
-3.555205101208e-02
-3.553034525045e-02
-3.550865932633e-02
-3.548699321561e-02
-3.546534689422e-02
-3.544372033811e-02
-3.542211352329e-02
-3.540052642577e-02
-3.537895902163e-02
-3.535741128697e-02
-3.533588319793e-02
-3.531437473069e-02
-3.529288586146e-02
-3.527141656648e-02
-3.524996682205e-02
-3.522853660448e-02
-3.520712589012e-02
-3.518573465537e-02
-3.516436287666e-02
-3.514301053044e-02
-3.512167759322e-02
-3.510036404152e-02
-3.507906985191e-02
-3.505779500101e-02
-3.503653946545e-02
-3.501530322189e-02
-3.499408624706e-02
-3.497288851770e-02
-3.495171001058e-02
-3.493055070252e-02
-3.490941057037e-02
-3.488828959102e-02
-3.486718774137e-02
-3.484610499840e-02
-3.482504133907e-02
-3.480399674042e-02
-3.478297117950e-02
-3.476196463341e-02
-3.474097707927e-02
-3.472000849423e-02
-3.469905885550e-02
-3.467812814031e-02
-3.465721632590e-02
-3.463632338959e-02
-3.461544930871e-02
-3.459459406061e-02
-3.457375762269e-02
-3.455293997239e-02
-3.453214108718e-02
-3.451136094455e-02
-3.449059952204e-02
-3.446985679721e-02
-3.444913274766e-02
-3.442842735103e-02
-3.440774058499e-02
-3.438707242723e-02
-3.436642285549e-02
-3.434579184754e-02
-3.432517938118e-02
-3.430458543423e-02
-3.428400998457e-02
-3.426345301010e-02
-3.424291448875e-02
-3.422239439847e-02
-3.420189271728e-02
-3.418140942320e-02
-3.416094449430e-02
-3.414049790866e-02
-3.412006964442e-02
-3.409965967975e-02
-3.407926799282e-02
-3.405889456188e-02
-3.403853936517e-02
-3.401820238099e-02
-3.399788358766e-02
-3.397758296354e-02
-3.395730048701e-02
-3.393703613649e-02
-3.391678989043e-02
-3.389656172732e-02
-3.387635162566e-02
-3.385615956401e-02
-3.383598552095e-02
-3.381582947508e-02
-3.379569140505e-02
-3.377557128953e-02
-3.375546910722e-02
-3.373538483686e-02
-3.371531845723e-02
-3.369526994711e-02
-3.367523928534e-02
-3.365522645077e-02
-3.363523142232e-02
-3.361525417889e-02
-3.359529469944e-02
-3.357535296296e-02
-3.355542894846e-02
-3.353552263500e-02
-3.351563400165e-02
-3.349576302753e-02
-3.347590969177e-02
-3.345607397354e-02
-3.343625585205e-02
-3.341645530653e-02
-3.339667231625e-02
-3.337690686049e-02
-3.335715891857e-02
-3.333742846987e-02
-3.331771549375e-02
-3.329801996964e-02
-3.327834187698e-02
-3.325868119525e-02
-3.323903790395e-02
-3.321941198261e-02
-3.319980341081e-02
-3.318021216814e-02
-3.316063823422e-02
-3.314108158871e-02
-3.312154221130e-02
-3.310202008169e-02
-3.308251517965e-02
-3.306302748493e-02
-3.304355697734e-02
-3.302410363673e-02
-3.300466744294e-02
-3.298524837588e-02
-3.296584641546e-02
-3.294646154164e-02
-3.292709373440e-02
-3.290774297374e-02
-3.288840923971e-02
-3.286909251237e-02
-3.284979277183e-02
-3.283050999820e-02
-3.281124417165e-02
-3.279199527235e-02
-3.277276328052e-02
-3.275354817641e-02
-3.273434994028e-02
-3.271516855243e-02
-3.269600399319e-02
-3.267685624292e-02
-3.265772528200e-02
-3.263861109085e-02
-3.261951364990e-02
-3.260043293964e-02
-3.258136894056e-02
-3.256232163318e-02
-3.254329099807e-02
-3.252427701580e-02
-3.250527966699e-02
-3.248629893228e-02
-3.246733479234e-02
-3.244838722787e-02
-3.242945621958e-02
-3.241054174823e-02
-3.239164379461e-02
-3.237276233952e-02
-3.235389736379e-02
-3.233504884830e-02
-3.231621677392e-02
-3.229740112159e-02
-3.227860187225e-02
-3.225981900686e-02
-3.224105250644e-02
-3.222230235202e-02
-3.220356852464e-02
-3.218485100540e-02
-3.216614977540e-02
-3.214746481579e-02
-3.212879610773e-02
-3.211014363241e-02
-3.209150737106e-02
-3.207288730492e-02
-3.205428341526e-02
-3.203569568339e-02
-3.201712409064e-02
-3.199856861835e-02
-3.198002924792e-02
-3.196150596075e-02
-3.194299873828e-02
-3.192450756196e-02
-3.190603241330e-02
-3.188757327380e-02
-3.186913012501e-02
-3.185070294849e-02
-3.183229172585e-02
-3.181389643869e-02
-3.179551706868e-02
-3.177715359748e-02
-3.175880600680e-02
-3.174047427837e-02
-3.172215839393e-02
-3.170385833526e-02
-3.168557408418e-02
-3.166730562251e-02
-3.164905293211e-02
-3.163081599487e-02
-3.161259479269e-02
-3.159438930751e-02
-3.157619952129e-02
-3.155802541602e-02
-3.153986697371e-02
-3.152172417640e-02
-3.150359700616e-02
-3.148548544507e-02
-3.146738947525e-02
-3.144930907885e-02
-3.143124423802e-02
-3.141319493496e-02
-3.139516115189e-02
-3.137714287105e-02
-3.135914007471e-02
-3.134115274517e-02
-3.132318086473e-02
-3.130522441576e-02
-3.128728338060e-02
-3.126935774167e-02
-3.125144748137e-02
-3.123355258216e-02
-3.121567302650e-02
-3.119780879689e-02
-3.117995987584e-02
-3.116212624591e-02
-3.114430788965e-02
-3.112650478967e-02
-3.110871692858e-02
-3.109094428902e-02
-3.107318685367e-02
-3.105544460521e-02
-3.103771752636e-02
-3.102000559987e-02
-3.100230880849e-02
-3.098462713503e-02
-3.096696056229e-02
-3.094930907311e-02
-3.093167265037e-02
-3.091405127693e-02
-3.089644493573e-02
-3.087885360969e-02
-3.086127728177e-02
-3.084371593496e-02
-3.082616955227e-02
-3.080863811673e-02
-3.079112161139e-02
-3.077362001935e-02
-3.075613332369e-02
-3.073866150755e-02
-3.072120455409e-02
-3.070376244647e-02
-3.068633516790e-02
-3.066892270160e-02
-3.065152503082e-02
-3.063414213883e-02
-3.061677400892e-02
-3.059942062442e-02
-3.058208196865e-02
-3.056475802499e-02
-3.054744877683e-02
-3.053015420758e-02
-3.051287430066e-02
-3.049560903955e-02
-3.047835840772e-02
-3.046112238868e-02
-3.044390096595e-02
-3.042669412309e-02
-3.040950184367e-02
-3.039232411128e-02
-3.037516090956e-02
-3.035801222213e-02
-3.034087803268e-02
-3.032375832488e-02
-3.030665308245e-02
-3.028956228912e-02
-3.027248592866e-02
-3.025542398484e-02
-3.023837644147e-02
-3.022134328236e-02
-3.020432449138e-02
-3.018732005240e-02
-3.017032994929e-02
-3.015335416599e-02
-3.013639268644e-02
-3.011944549458e-02
-3.010251257441e-02
-3.008559390994e-02
-3.006868948518e-02
-3.005179928420e-02
-3.003492329107e-02
-3.001806148987e-02
-3.000121386473e-02
-2.998438039980e-02
-2.996756107922e-02
-2.995075588718e-02
-2.993396480790e-02
-2.991718782560e-02
-2.990042492452e-02
-2.988367608894e-02
-2.986694130316e-02
-2.985022055149e-02
-2.983351381826e-02
-2.981682108785e-02
-2.980014234462e-02
-2.978347757298e-02
-2.976682675736e-02
-2.975018988220e-02
-2.973356693197e-02
-2.971695789116e-02
-2.970036274428e-02
-2.968378147586e-02
-2.966721407046e-02
-2.965066051265e-02
-2.963412078703e-02
-2.961759487822e-02
-2.960108277086e-02
-2.958458444960e-02
-2.956809989913e-02
-2.955162910416e-02
-2.953517204940e-02
-2.951872871961e-02
-2.950229909955e-02
-2.948588317401e-02
-2.946948092779e-02
-2.945309234573e-02
-2.943671741268e-02
-2.942035611351e-02
-2.940400843311e-02
-2.938767435639e-02
-2.937135386830e-02
-2.935504695379e-02
-2.933875359782e-02
-2.932247378541e-02
-2.930620750156e-02
-2.928995473132e-02
-2.927371545974e-02
-2.925748967190e-02
-2.924127735291e-02
-2.922507848788e-02
-2.920889306196e-02
-2.919272106030e-02
-2.917656246810e-02
-2.916041727054e-02
-2.914428545285e-02
-2.912816700029e-02
-2.911206189810e-02
-2.909597013158e-02
-2.907989168602e-02
-2.906382654676e-02
-2.904777469913e-02
-2.903173612850e-02
-2.901571082026e-02
-2.899969875981e-02
-2.898369993257e-02
-2.896771432399e-02
-2.895174191953e-02
-2.893578270468e-02
-2.891983666495e-02
-2.890390378585e-02
-2.888798405293e-02
-2.887207745175e-02
-2.885618396790e-02
-2.884030358699e-02
-2.882443629462e-02
-2.880858207646e-02
-2.879274091815e-02
-2.877691280539e-02
-2.876109772387e-02
-2.874529565932e-02
-2.872950659747e-02
-2.871373052409e-02
-2.869796742495e-02
-2.868221728586e-02
-2.866648009263e-02
-2.865075583110e-02
-2.863504448712e-02
-2.861934604659e-02
-2.860366049538e-02
-2.858798781942e-02
-2.857232800463e-02
-2.855668103698e-02
-2.854104690243e-02
-2.852542558698e-02
-2.850981707664e-02
-2.849422135743e-02
-2.847863841541e-02
-2.846306823664e-02
-2.844751080721e-02
-2.843196611322e-02
-2.841643414081e-02
-2.840091487610e-02
-2.838540830527e-02
-2.836991441450e-02
-2.835443318998e-02
-2.833896461794e-02
-2.832350868460e-02
-2.830806537624e-02
-2.829263467911e-02
-2.827721657951e-02
-2.826181106377e-02
-2.824641811819e-02
-2.823103772914e-02
-2.821566988299e-02
-2.820031456611e-02
-2.818497176491e-02
-2.816964146581e-02
-2.815432365526e-02
-2.813901831971e-02
-2.812372544565e-02
-2.810844501956e-02
-2.809317702796e-02
-2.807792145738e-02
-2.806267829438e-02
-2.804744752552e-02
-2.803222913739e-02
-2.801702311659e-02
-2.800182944975e-02
-2.798664812351e-02
-2.797147912452e-02
-2.795632243947e-02
-2.794117805505e-02
-2.792604595797e-02
-2.791092613496e-02
-2.789581857277e-02
-2.788072325817e-02
-2.786564017794e-02
-2.785056931889e-02
-2.783551066783e-02
-2.782046421160e-02
-2.780542993706e-02
-2.779040783108e-02
-2.777539788055e-02
-2.776040007238e-02
-2.774541439350e-02
-2.773044083084e-02
-2.771547937137e-02
-2.770053000208e-02
-2.768559270994e-02
-2.767066748198e-02
-2.765575430523e-02
-2.764085316673e-02
-2.762596405356e-02
-2.761108695279e-02
-2.759622185153e-02
-2.758136873689e-02
-2.756652759600e-02
-2.755169841603e-02
-2.753688118413e-02
-2.752207588750e-02
-2.750728251333e-02
-2.749250104886e-02
-2.747773148131e-02
-2.746297379794e-02
-2.744822798602e-02
-2.743349403285e-02
-2.741877192572e-02
-2.740406165197e-02
-2.738936319892e-02
-2.737467655394e-02
-2.736000170440e-02
-2.734533863769e-02
-2.733068734121e-02
-2.731604780240e-02
-2.730142000869e-02
-2.728680394753e-02
-2.727219960641e-02
-2.725760697282e-02
-2.724302603425e-02
-2.722845677824e-02
-2.721389919233e-02
-2.719935326407e-02
-2.718481898103e-02
-2.717029633081e-02
-2.715578530102e-02
-2.714128587927e-02
-2.712679805321e-02
-2.711232181050e-02
-2.709785713880e-02
-2.708340402580e-02
-2.706896245921e-02
-2.705453242676e-02
-2.704011391617e-02
-2.702570691521e-02
-2.701131141164e-02
-2.699692739325e-02
-2.698255484784e-02
-2.696819376323e-02
-2.695384412726e-02
-2.693950592778e-02
-2.692517915266e-02
-2.691086378977e-02
-2.689655982702e-02
-2.688226725232e-02
-2.686798605361e-02
-2.685371621883e-02
-2.683945773594e-02
-2.682521059293e-02
-2.681097477778e-02
-2.679675027852e-02
-2.678253708316e-02
-2.676833517975e-02
-2.675414455635e-02
-2.673996520102e-02
-2.672579710187e-02
-2.671164024700e-02
-2.669749462452e-02
-2.668336022258e-02
-2.666923702932e-02
-2.665512503292e-02
-2.664102422156e-02
-2.662693458343e-02
-2.661285610675e-02
-2.659878877976e-02
-2.658473259070e-02
-2.657068752782e-02
-2.655665357941e-02
-2.654263073376e-02
-2.652861897917e-02
-2.651461830397e-02
-2.650062869650e-02
-2.648665014511e-02
-2.647268263816e-02
-2.645872616405e-02
-2.644478071116e-02
-2.643084626793e-02
-2.641692282276e-02
-2.640301036412e-02
-2.638910888046e-02
-2.637521836025e-02
-2.636133879199e-02
-2.634747016418e-02
-2.633361246534e-02
-2.631976568400e-02
-2.630592980872e-02
-2.629210482806e-02
-2.627829073061e-02
-2.626448750495e-02
-2.625069513970e-02
-2.623691362348e-02
-2.622314294493e-02
-2.620938309271e-02
-2.619563405548e-02
-2.618189582194e-02
-2.616816838077e-02
-2.615445172070e-02
-2.614074583045e-02
-2.612705069877e-02
-2.611336631441e-02
-2.609969266614e-02
-2.608602974276e-02
-2.607237753306e-02
-2.605873602587e-02
-2.604510521000e-02
-2.603148507431e-02
-2.601787560767e-02
-2.600427679893e-02
-2.599068863700e-02
-2.597711111077e-02
-2.596354420916e-02
-2.594998792111e-02
-2.593644223556e-02
-2.592290714147e-02
-2.590938262782e-02
-2.589586868360e-02
-2.588236529781e-02
-2.586887245947e-02
-2.585539015762e-02
-2.584191838129e-02
-2.582845711956e-02
-2.581500636149e-02
-2.580156609617e-02
-2.578813631272e-02
-2.577471700024e-02
-2.576130814787e-02
-2.574790974475e-02
-2.573452178005e-02
-2.572114424293e-02
-2.570777712259e-02
-2.569442040823e-02
-2.568107408906e-02
-2.566773815431e-02
-2.565441259323e-02
-2.564109739507e-02
-2.562779254910e-02
-2.561449804462e-02
-2.560121387092e-02
-2.558794001731e-02
-2.557467647312e-02
-2.556142322769e-02
-2.554818027038e-02
-2.553494759054e-02
-2.552172517758e-02
-2.550851302087e-02
-2.549531110983e-02
-2.548211943388e-02
-2.546893798246e-02
-2.545576674501e-02
-2.544260571101e-02
-2.542945486993e-02
-2.541631421126e-02
-2.540318372450e-02
-2.539006339917e-02
-2.537695322480e-02
-2.536385319094e-02
-2.535076328714e-02
-2.533768350298e-02
-2.532461382804e-02
-2.531155425192e-02
-2.529850476424e-02
-2.528546535460e-02
-2.527243601266e-02
-2.525941672807e-02
-2.524640749049e-02
-2.523340828959e-02
-2.522041911508e-02
-2.520743995665e-02
-2.519447080402e-02
-2.518151164693e-02
-2.516856247511e-02
-2.515562327832e-02
-2.514269404634e-02
-2.512977476895e-02
-2.511686543594e-02
-2.510396603713e-02
-2.509107656233e-02
-2.507819700138e-02
-2.506532734413e-02
-2.505246758045e-02
-2.503961770020e-02
-2.502677769327e-02
-2.501394754957e-02
-2.500112725900e-02
-2.498831681149e-02
-2.497551619699e-02
-2.496272540544e-02
-2.494994442681e-02
-2.493717325107e-02
-2.492441186822e-02
-2.491166026826e-02
-2.489891844120e-02
-2.488618637707e-02
-2.487346406591e-02
-2.486075149778e-02
-2.484804866275e-02
-2.483535555088e-02
-2.482267215228e-02
-2.480999845705e-02
-2.479733445530e-02
-2.478468013717e-02
-2.477203549279e-02
-2.475940051232e-02
-2.474677518592e-02
-2.473415950379e-02
-2.472155345610e-02
-2.470895703306e-02
-2.469637022490e-02
-2.468379302183e-02
-2.467122541410e-02
-2.465866739197e-02
-2.464611894569e-02
-2.463358006555e-02
-2.462105074185e-02
-2.460853096487e-02
-2.459602072495e-02
-2.458352001239e-02
-2.457102881756e-02
-2.455854713079e-02
-2.454607494246e-02
-2.453361224293e-02
-2.452115902260e-02
-2.450871527187e-02
-2.449628098116e-02
-2.448385614087e-02
-2.447144074147e-02
-2.445903477338e-02
-2.444663822708e-02
-2.443425109304e-02
-2.442187336174e-02
-2.440950502369e-02
-2.439714606938e-02
-2.438479648935e-02
-2.437245627412e-02
-2.436012541424e-02
-2.434780390026e-02
-2.433549172277e-02
-2.432318887233e-02
-2.431089533954e-02
-2.429861111501e-02
-2.428633618935e-02
-2.427407055319e-02
-2.426181419716e-02
-2.424956711193e-02
-2.423732928816e-02
-2.422510071651e-02
-2.421288138768e-02
-2.420067129237e-02
-2.418847042128e-02
-2.417627876515e-02
-2.416409631469e-02
-2.415192306066e-02
-2.413975899382e-02
-2.412760410493e-02
-2.411545838477e-02
-2.410332182414e-02
-2.409119441383e-02
-2.407907614467e-02
-2.406696700748e-02
-2.405486699309e-02
-2.404277609237e-02
-2.403069429615e-02
-2.401862159533e-02
-2.400655798077e-02
-2.399450344339e-02
-2.398245797408e-02
-2.397042156376e-02
-2.395839420336e-02
-2.394637588382e-02
-2.393436659609e-02
-2.392236633114e-02
-2.391037507993e-02
-2.389839283346e-02
-2.388641958273e-02
-2.387445531873e-02
-2.386250003249e-02
-2.385055371504e-02
-2.383861635743e-02
-2.382668795069e-02
-2.381476848591e-02
-2.380285795414e-02
-2.379095634649e-02
-2.377906365404e-02
-2.376717986791e-02
-2.375530497921e-02
-2.374343897907e-02
-2.373158185865e-02
-2.371973360908e-02
-2.370789422153e-02
-2.369606368718e-02
-2.368424199721e-02
-2.367242914282e-02
-2.366062511521e-02
-2.364882990561e-02
-2.363704350525e-02
-2.362526590535e-02
-2.361349709719e-02
-2.360173707200e-02
-2.358998582108e-02
-2.357824333570e-02
-2.356650960716e-02
-2.355478462676e-02
-2.354306838581e-02
-2.353136087565e-02
-2.351966208762e-02
-2.350797201305e-02
-2.349629064331e-02
-2.348461796977e-02
-2.347295398380e-02
-2.346129867681e-02
-2.344965204019e-02
-2.343801406535e-02
-2.342638474371e-02
-2.341476406671e-02
-2.340315202580e-02
-2.339154861242e-02
-2.337995381804e-02
-2.336836763415e-02
-2.335679005221e-02
-2.334522106374e-02
-2.333366066023e-02
-2.332210883321e-02
-2.331056557420e-02
-2.329903087475e-02
-2.328750472639e-02
-2.327598712069e-02
-2.326447804922e-02
-2.325297750357e-02
-2.324148547531e-02
-2.323000195605e-02
-2.321852693740e-02
-2.320706041099e-02
-2.319560236844e-02
-2.318415280140e-02
-2.317271170152e-02
-2.316127906046e-02
-2.314985486990e-02
-2.313843912151e-02
-2.312703180700e-02
-2.311563291806e-02
-2.310424244640e-02
-2.309286038376e-02
-2.308148672187e-02
-2.307012145247e-02
-2.305876456731e-02
-2.304741605816e-02
-2.303607591680e-02
-2.302474413500e-02
-2.301342070456e-02
-2.300210561730e-02
-2.299079886501e-02
-2.297950043953e-02
-2.296821033270e-02
-2.295692853635e-02
-2.294565504234e-02
-2.293438984254e-02
-2.292313292881e-02
-2.291188429306e-02
-2.290064392716e-02
-2.288941182303e-02
-2.287818797257e-02
-2.286697236772e-02
-2.285576500040e-02
-2.284456586256e-02
-2.283337494616e-02
-2.282219224315e-02
-2.281101774552e-02
-2.279985144524e-02
-2.278869333430e-02
-2.277754340472e-02
-2.276640164850e-02
-2.275526805766e-02
-2.274414262423e-02
-2.273302534027e-02
-2.272191619781e-02
-2.271081518892e-02
-2.269972230568e-02
-2.268863754015e-02
-2.267756088443e-02
-2.266649233062e-02
-2.265543187084e-02
-2.264437949719e-02
-2.263333520180e-02
-2.262229897682e-02
-2.261127081439e-02
-2.260025070667e-02
-2.258923864582e-02
-2.257823462402e-02
