-6.449002101802e-01
-6.448988015041e-01
-6.448964537177e-01
-6.448931668318e-01
-6.448889408617e-01
-6.448837758266e-01
-6.448776717504e-01
-6.448706286610e-01
-6.448626465910e-01
-6.448537255769e-01
-6.448438656598e-01
-6.448330668851e-01
-6.448213293023e-01
-6.448086529655e-01
-6.447950379329e-01
-6.447804842671e-01
-6.447649920351e-01
-6.447485613080e-01
-6.447311921614e-01
-6.447128846752e-01
-6.446936389336e-01
-6.446734550249e-01
-6.446523330421e-01
-6.446302730823e-01
-6.446072752468e-01
-6.445833396414e-01
-6.445584663762e-01
-6.445326555656e-01
-6.445059073282e-01
-6.444782217870e-01
-6.444495990694e-01
-6.444200393068e-01
-6.443895426354e-01
-6.443581091952e-01
-6.443257391309e-01
-6.442924325913e-01
-6.442581897295e-01
-6.442230107030e-01
-6.441868956737e-01
-6.441498448075e-01
-6.441118582749e-01
-6.440729362505e-01
-6.440330789134e-01
-6.439922864469e-01
-6.439505590385e-01
-6.439078968802e-01
-6.438643001682e-01
-6.438197691030e-01
-6.437743038894e-01
-6.437279047365e-01
-6.436805718577e-01
-6.436323054708e-01
-6.435831057977e-01
-6.435329730648e-01
-6.434819075027e-01
-6.434299093462e-01
-6.433769788345e-01
-6.433231162112e-01
-6.432683217239e-01
-6.432125956248e-01
-6.431559381703e-01
-6.430983496209e-01
-6.430398302416e-01
-6.429803803017e-01
-6.429200000746e-01
-6.428586898382e-01
-6.427964498745e-01
-6.427332804700e-01
-6.426691819151e-01
-6.426041545050e-01
-6.425381985387e-01
-6.424713143199e-01
-6.424035021562e-01
-6.423347623597e-01
-6.422650952467e-01
-6.421945011379e-01
-6.421229803582e-01
-6.420505332365e-01
-6.419771601065e-01
-6.419028613057e-01
-6.418276371762e-01
-6.417514880641e-01
-6.416744143200e-01
-6.415964162986e-01
-6.415174943589e-01
-6.414376488643e-01
-6.413568801822e-01
-6.412751886845e-01
-6.411925747473e-01
-6.411090387508e-01
-6.410245810797e-01
-6.409392021227e-01
-6.408529022730e-01
-6.407656819280e-01
-6.406775414891e-01
-6.405884813623e-01
-6.404985019576e-01
-6.404076036893e-01
-6.403157869760e-01
-6.402230522406e-01
-6.401293999101e-01
-6.400348304158e-01
-6.399393441932e-01
-6.398429416821e-01
-6.397456233265e-01
-6.396473895747e-01
-6.395482408790e-01
-6.394481776963e-01
-6.393472004873e-01
-6.392453097174e-01
-6.391425058558e-01
-6.390387893761e-01
-6.389341607562e-01
-6.388286204781e-01
-6.387221690281e-01
-6.386148068966e-01
-6.385065345782e-01
-6.383973525720e-01
-6.382872613809e-01
-6.381762615124e-01
-6.380643534778e-01
-6.379515377930e-01
-6.378378149778e-01
-6.377231855563e-01
-6.376076500569e-01
-6.374912090121e-01
-6.373738629586e-01
-6.372556124373e-01
-6.371364579932e-01
-6.370164001756e-01
-6.368954395380e-01
-6.367735766380e-01
-6.366508120374e-01
-6.365271463023e-01
-6.364025800027e-01
-6.362771137131e-01
-6.361507480119e-01
-6.360234834819e-01
-6.358953207098e-01
-6.357662602868e-01
-6.356363028079e-01
-6.355054488725e-01
-6.353736990841e-01
-6.352410540504e-01
-6.351075143831e-01
-6.349730806983e-01
-6.348377536160e-01
-6.347015337604e-01
-6.345644217599e-01
-6.344264182471e-01
-6.342875238587e-01
-6.341477392354e-01
-6.340070650221e-01
-6.338655018680e-01
-6.337230504261e-01
-6.335797113539e-01
-6.334354853128e-01
-6.332903729683e-01
-6.331443749900e-01
-6.329974920518e-01
-6.328497248316e-01
-6.327010740113e-01
-6.325515402771e-01
-6.324011243192e-01
-6.322498268319e-01
-6.320976485136e-01
-6.319445900667e-01
-6.317906521980e-01
-6.316358356180e-01
-6.314801410415e-01
-6.313235691874e-01
-6.311661207786e-01
-6.310077965421e-01
-6.308485972089e-01
-6.306885235143e-01
-6.305275761974e-01
-6.303657560014e-01
-6.302030636738e-01
-6.300394999659e-01
-6.298750656332e-01
-6.297097614351e-01
-6.295435881352e-01
-6.293765465011e-01
-6.292086373044e-01
-6.290398613208e-01
-6.288702193299e-01
-6.286997121155e-01
-6.285283404654e-01
-6.283561051714e-01
-6.281830070292e-01
-6.280090468386e-01
-6.278342254036e-01
-6.276585435319e-01
-6.274820020354e-01
-6.273046017300e-01
-6.271263434355e-01
-6.269472279757e-01
-6.267672561785e-01
-6.265864288758e-01
-6.264047469033e-01
-6.262222111009e-01
-6.260388223123e-01
-6.258545813852e-01
-6.256694891715e-01
-6.254835465267e-01
-6.252967543106e-01
-6.251091133868e-01
-6.249206246227e-01
-6.247312888900e-01
-6.245411070640e-01
-6.243500800242e-01
-6.241582086540e-01
-6.239654938406e-01
-6.237719364752e-01
-6.235775374529e-01
-6.233822976729e-01
-6.231862180381e-01
-6.229892994554e-01
-6.227915428355e-01
-6.225929490933e-01
-6.223935191473e-01
-6.221932539201e-01
-6.219921543379e-01
-6.217902213312e-01
-6.215874558342e-01
-6.213838587848e-01
-6.211794311250e-01
-6.209741738006e-01
-6.207680877613e-01
-6.205611739607e-01
-6.203534333561e-01
-6.201448669088e-01
-6.199354755839e-01
-6.197252603503e-01
-6.195142221809e-01
-6.193023620522e-01
-6.190896809447e-01
-6.188761798427e-01
-6.186618597343e-01
-6.184467216114e-01
-6.182307664697e-01
-6.180139953089e-01
-6.177964091321e-01
-6.175780089467e-01
-6.173587957634e-01
-6.171387705971e-01
-6.169179344662e-01
-6.166962883931e-01
-6.164738334037e-01
-6.162505705279e-01
-6.160265007994e-01
-6.158016252554e-01
-6.155759449370e-01
-6.153494608891e-01
-6.151221741603e-01
-6.148940858030e-01
-6.146651968731e-01
-6.144355084305e-01
-6.142050215386e-01
-6.139737372648e-01
-6.137416566800e-01
-6.135087808587e-01
-6.132751108794e-01
-6.130406478241e-01
-6.128053927785e-01
-6.125693468320e-01
-6.123325110777e-01
-6.120948866125e-01
-6.118564745367e-01
-6.116172759544e-01
-6.113772919734e-01
-6.111365237051e-01
-6.108949722645e-01
-6.106526387704e-01
-6.104095243450e-01
-6.101656301143e-01
-6.099209572079e-01
-6.096755067589e-01
-6.094292799042e-01
-6.091822777842e-01
-6.089345015428e-01
-6.086859523277e-01
-6.084366312901e-01
-6.081865395846e-01
-6.079356783697e-01
-6.076840488073e-01
-6.074316520627e-01
-6.071784893051e-01
-6.069245617070e-01
-6.066698704445e-01
-6.064144166973e-01
-6.061582016486e-01
-6.059012264850e-01
-6.056434923968e-01
-6.053850005777e-01
-6.051257522251e-01
-6.048657485395e-01
-6.046049907253e-01
-6.043434799902e-01
-6.040812175454e-01
-6.038182046056e-01
-6.035544423889e-01
-6.032899321169e-01
-6.030246750146e-01
-6.027586723106e-01
-6.024919252368e-01
-6.022244350287e-01
-6.019562029249e-01
-6.016872301677e-01
-6.014175180027e-01
-6.011470676790e-01
-6.008758804491e-01
-6.006039575687e-01
-6.003313002970e-01
-6.000579098968e-01
-5.997837876338e-01
-5.995089347774e-01
-5.992333526004e-01
-5.989570423788e-01
-5.986800053918e-01
-5.984022429223e-01
-5.981237562563e-01
-5.978445466831e-01
-5.975646154954e-01
-5.972839639891e-01
-5.970025934636e-01
-5.967205052214e-01
-5.964377005684e-01
-5.961541808136e-01
-5.958699472695e-01
-5.955850012517e-01
-5.952993440791e-01
-5.950129770739e-01
-5.947259015615e-01
-5.944381188704e-01
-5.941496303327e-01
-5.938604372831e-01
-5.935705410600e-01
-5.932799430049e-01
-5.929886444624e-01
-5.926966467804e-01
-5.924039513099e-01
-5.921105594050e-01
-5.918164724231e-01
-5.915216917247e-01
-5.912262186734e-01
-5.909300546359e-01
-5.906332009822e-01
-5.903356590853e-01
-5.900374303212e-01
-5.897385160693e-01
-5.894389177117e-01
-5.891386366340e-01
-5.888376742246e-01
-5.885360318750e-01
-5.882337109798e-01
-5.879307129368e-01
-5.876270391466e-01
-5.873226910129e-01
-5.870176699425e-01
-5.867119773452e-01
-5.864056146337e-01
-5.860985832240e-01
-5.857908845346e-01
-5.854825199875e-01
-5.851734910073e-01
-5.848637990217e-01
-5.845534454615e-01
-5.842424317601e-01
-5.839307593542e-01
-5.836184296832e-01
-5.833054441895e-01
-5.829918043185e-01
-5.826775115183e-01
-5.823625672400e-01
-5.820469729376e-01
-5.817307300680e-01
-5.814138400909e-01
-5.810963044689e-01
-5.807781246674e-01
-5.804593021547e-01
-5.801398384019e-01
-5.798197348829e-01
-5.794989930744e-01
-5.791776144559e-01
-5.788556005098e-01
-5.785329527212e-01
-5.782096725779e-01
-5.778857615706e-01
-5.775612211926e-01
-5.772360529402e-01
-5.769102583120e-01
-5.765838388098e-01
-5.762567959378e-01
-5.759291312031e-01
-5.756008461152e-01
-5.752719421867e-01
-5.749424209325e-01
-5.746122838705e-01
-5.742815325208e-01
-5.739501684067e-01
-5.736181930536e-01
-5.732856079900e-01
-5.729524147466e-01
-5.726186148571e-01
-5.722842098574e-01
-5.719492012862e-01
-5.716135906849e-01
-5.712773795971e-01
-5.709405695693e-01
-5.706031621503e-01
-5.702651588916e-01
-5.699265613472e-01
-5.695873710735e-01
-5.692475896295e-01
-5.689072185766e-01
-5.685662594788e-01
-5.682247139024e-01
-5.678825834164e-01
-5.675398695920e-01
-5.671965740030e-01
-5.668526982256e-01
-5.665082438384e-01
-5.661632124222e-01
-5.658176055607e-01
-5.654714248393e-01
-5.651246718465e-01
-5.647773481725e-01
-5.644294554103e-01
-5.640809951551e-01
-5.637319690044e-01
-5.633823785580e-01
-5.630322254180e-01
-5.626815111889e-01
-5.623302374774e-01
-5.619784058924e-01
-5.616260180453e-01
-5.612730755495e-01
-5.609195800207e-01
-5.605655330769e-01
-5.602109363383e-01
-5.598557914272e-01
-5.595000999683e-01
-5.591438635882e-01
-5.587870839159e-01
-5.584297625824e-01
-5.580719012210e-01
-5.577135014671e-01
-5.573545649581e-01
-5.569950933335e-01
-5.566350882352e-01
-5.562745513068e-01
-5.559134841942e-01
-5.555518885453e-01
-5.551897660101e-01
-5.548271182406e-01
-5.544639468908e-01
-5.541002536167e-01
-5.537360400765e-01
-5.533713079302e-01
-5.530060588398e-01
-5.526402944693e-01
-5.522740164846e-01
-5.519072265536e-01
-5.515399263462e-01
-5.511721175341e-01
-5.508038017909e-01
-5.504349807922e-01
-5.500656562154e-01
-5.496958297398e-01
-5.493255030465e-01
-5.489546778186e-01
-5.485833557409e-01
-5.482115384999e-01
-5.478392277843e-01
-5.474664252842e-01
-5.470931326917e-01
-5.467193517005e-01
-5.463450840062e-01
-5.459703313062e-01
-5.455950952995e-01
-5.452193776868e-01
-5.448431801706e-01
-5.444665044550e-01
-5.440893522460e-01
-5.437117252509e-01
-5.433336251789e-01
-5.429550537409e-01
-5.425760126493e-01
-5.421965036182e-01
-5.418165283631e-01
-5.414360886013e-01
-5.410551860517e-01
-5.406738224345e-01
-5.402919994719e-01
-5.399097188871e-01
-5.395269824053e-01
-5.391437917529e-01
-5.387601486579e-01
-5.383760548499e-01
-5.379915120597e-01
-5.376065220198e-01
-5.372210864641e-01
-5.368352071279e-01
-5.364488857478e-01
-5.360621240620e-01
-5.356749238101e-01
-5.352872867328e-01
-5.348992145725e-01
-5.345107090727e-01
-5.341217719784e-01
-5.337324050359e-01
-5.333426099927e-01
-5.329523885977e-01
-5.325617426011e-01
-5.321706737543e-01
-5.317791838099e-01
-5.313872745220e-01
-5.309949476455e-01
-5.306022049370e-01
-5.302090481539e-01
-5.298154790551e-01
-5.294214994004e-01
-5.290271109509e-01
-5.286323154689e-01
-5.282371147177e-01
-5.278415104618e-01
-5.274455044667e-01
-5.270490984992e-01
-5.266522943269e-01
-5.262550937188e-01
-5.258574984445e-01
-5.254595102751e-01
-5.250611309824e-01
-5.246623623393e-01
-5.242632061198e-01
-5.238636640986e-01
-5.234637380517e-01
-5.230634297558e-01
-5.226627409886e-01
-5.222616735288e-01
-5.218602291559e-01
-5.214584096504e-01
-5.210562167935e-01
-5.206536523674e-01
-5.202507181552e-01
-5.198474159407e-01
-5.194437475085e-01
-5.190397146441e-01
-5.186353191339e-01
-5.182305627648e-01
-5.178254473247e-01
-5.174199746020e-01
-5.170141463861e-01
-5.166079644670e-01
-5.162014306353e-01
-5.157945466825e-01
-5.153873144005e-01
-5.149797355823e-01
-5.145718120210e-01
-5.141635455107e-01
-5.137549378460e-01
-5.133459908221e-01
-5.129367062348e-01
-5.125270858804e-01
-5.121171315560e-01
-5.117068450589e-01
-5.112962281871e-01
-5.108852827391e-01
-5.104740105140e-01
-5.100624133112e-01
-5.096504929307e-01
-5.092382511728e-01
-5.088256898384e-01
-5.084128107288e-01
-5.079996156455e-01
-5.075861063908e-01
-5.071722847670e-01
-5.067581525769e-01
-5.063437116236e-01
-5.059289637107e-01
-5.055139106419e-01
-5.050985542214e-01
-5.046828962536e-01
-5.042669385430e-01
-5.038506828946e-01
-5.034341311136e-01
-5.030172850054e-01
-5.026001463756e-01
-5.021827170300e-01
-5.017649987745e-01
-5.013469934155e-01
-5.009287027590e-01
-5.005101286115e-01
-5.000912727797e-01
-4.996721370702e-01
-4.992527232898e-01
-4.988330332452e-01
-4.984130687435e-01
-4.979928315916e-01
-4.975723235963e-01
-4.971515465649e-01
-4.967305023041e-01
-4.963091926211e-01
-4.958876193229e-01
-4.954657842161e-01
-4.950436891077e-01
-4.946213358043e-01
-4.941987261130e-01
-4.937758618401e-01
-4.933527447922e-01
-4.929293767754e-01
-4.925057595961e-01
-4.920818950601e-01
-4.916577849734e-01
-4.912334311415e-01
-4.908088353698e-01
-4.903839994636e-01
-4.899589252277e-01
-4.895336144669e-01
-4.891080689855e-01
-4.886822905877e-01
-4.882562810773e-01
-4.878300422577e-01
-4.874035759321e-01
-4.869768839034e-01
-4.865499679740e-01
-4.861228299459e-01
-4.856954716208e-01
-4.852678947999e-01
-4.848401012842e-01
-4.844120928739e-01
-4.839838713690e-01
-4.835554385689e-01
-4.831267962727e-01
-4.826979462787e-01
-4.822688903849e-01
-4.818396303888e-01
-4.814101680872e-01
-4.809805052764e-01
-4.805506437521e-01
-4.801205853094e-01
-4.796903317428e-01
-4.792598848463e-01
-4.788292464130e-01
-4.783984182356e-01
-4.779674021060e-01
-4.775361998154e-01
-4.771048131543e-01
-4.766732439125e-01
-4.762414938792e-01
-4.758095648426e-01
-4.753774585904e-01
-4.749451769092e-01
-4.745127215852e-01
-4.740800944034e-01
-4.736472971483e-01
-4.732143316033e-01
-4.727811995512e-01
-4.723479027737e-01
-4.719144430518e-01
-4.714808221655e-01
-4.710470418938e-01
-4.706131040149e-01
-4.701790103061e-01
-4.697447625436e-01
-4.693103625027e-01
-4.688758119577e-01
-4.684411126819e-01
-4.680062664475e-01
-4.675712750257e-01
-4.671361401869e-01
-4.667008637001e-01
-4.662654473332e-01
-4.658298928533e-01
-4.653942020262e-01
-4.649583766165e-01
-4.645224183878e-01
-4.640863291026e-01
-4.636501105220e-01
-4.632137644060e-01
-4.627772925136e-01
-4.623406966024e-01
-4.619039784287e-01
-4.614671397477e-01
-4.610301823132e-01
-4.605931078779e-01
-4.601559181931e-01
-4.597186150088e-01
-4.592812000737e-01
-4.588436751351e-01
-4.584060419391e-01
-4.579683022303e-01
-4.575304577519e-01
-4.570925102459e-01
-4.566544614526e-01
-4.562163131111e-01
-4.557780669590e-01
-4.553397247324e-01
-4.549012881661e-01
-4.544627589932e-01
-4.540241389453e-01
-4.535854297527e-01
-4.531466331441e-01
-4.527077508465e-01
-4.522687845855e-01
-4.518297360850e-01
-4.513906070676e-01
-4.509513992540e-01
-4.505121143633e-01
-4.500727541132e-01
-4.496333202196e-01
-4.491938143967e-01
-4.487542383571e-01
-4.483145938118e-01
-4.478748824699e-01
-4.474351060390e-01
-4.469952662247e-01
-4.465553647313e-01
-4.461154032608e-01
-4.456753835138e-01
-4.452353071891e-01
-4.447951759835e-01
-4.443549915921e-01
-4.439147557083e-01
-4.434744700234e-01
-4.430341362270e-01
-4.425937560068e-01
-4.421533310488e-01
-4.417128630367e-01
-4.412723536526e-01
-4.408318045767e-01
-4.403912174870e-01
-4.399505940598e-01
-4.395099359693e-01
-4.390692448877e-01
-4.386285224854e-01
-4.381877704306e-01
-4.377469903895e-01
-4.373061840263e-01
-4.368653530032e-01
-4.364244989803e-01
-4.359836236155e-01
-4.355427285649e-01
-4.351018154822e-01
-4.346608860191e-01
-4.342199418253e-01
-4.337789845482e-01
-4.333380158329e-01
-4.328970373228e-01
-4.324560506586e-01
-4.320150574792e-01
-4.315740594210e-01
-4.311330581184e-01
-4.306920552033e-01
-4.302510523058e-01
-4.298100510532e-01
-4.293690530709e-01
-4.289280599819e-01
-4.284870734069e-01
-4.280460949642e-01
-4.276051262700e-01
-4.271641689379e-01
-4.267232245793e-01
-4.262822948032e-01
-4.258413812163e-01
-4.254004854227e-01
-4.249596090243e-01
-4.245187536206e-01
-4.240779208084e-01
-4.236371121824e-01
-4.231963293347e-01
-4.227555738549e-01
-4.223148473301e-01
-4.218741513450e-01
-4.214334874818e-01
-4.209928573201e-01
-4.205522624370e-01
-4.201117044071e-01
-4.196711848025e-01
-4.192307051926e-01
-4.187902671443e-01
-4.183498722219e-01
-4.179095219871e-01
-4.174692179990e-01
-4.170289618141e-01
-4.165887549861e-01
-4.161485990664e-01
-4.157084956034e-01
-4.152684461429e-01
-4.148284522282e-01
-4.143885153997e-01
-4.139486371952e-01
-4.135088191497e-01
-4.130690627956e-01
-4.126293696625e-01
-4.121897412772e-01
-4.117501791638e-01
-4.113106848436e-01
-4.108712598350e-01
-4.104319056539e-01
-4.099926238131e-01
-4.095534158227e-01
-4.091142831900e-01
-4.086752274193e-01
-4.082362500123e-01
-4.077973524677e-01
-4.073585362812e-01
-4.069198029459e-01
-4.064811539517e-01
-4.060425907859e-01
-4.056041149326e-01
-4.051657278731e-01
-4.047274310858e-01
-4.042892260461e-01
-4.038511142265e-01
-4.034130970964e-01
-4.029751761222e-01
-4.025373527677e-01
-4.020996284931e-01
-4.016620047561e-01
-4.012244830110e-01
-4.007870647094e-01
-4.003497512996e-01
-3.999125442270e-01
-3.994754449338e-01
-3.990384548593e-01
-3.986015754396e-01
-3.981648081078e-01
-3.977281542937e-01
-3.972916154242e-01
-3.968551929230e-01
-3.964188882106e-01
-3.959827027045e-01
-3.955466378191e-01
-3.951106949653e-01
-3.946748755512e-01
-3.942391809815e-01
-3.938036126578e-01
-3.933681719785e-01
-3.929328603388e-01
-3.924976791307e-01
-3.920626297429e-01
-3.916277135609e-01
-3.911929319670e-01
-3.907582863403e-01
-3.903237780563e-01
-3.898894084878e-01
-3.894551790038e-01
-3.890210909703e-01
-3.885871457499e-01
-3.881533447020e-01
-3.877196891825e-01
-3.872861805442e-01
-3.868528201365e-01
-3.864196093053e-01
-3.859865493933e-01
-3.855536417398e-01
-3.851208876809e-01
-3.846882885492e-01
-3.842558456737e-01
-3.838235603804e-01
-3.833914339917e-01
-3.829594678266e-01
-3.825276632008e-01
-3.820960214264e-01
-3.816645438123e-01
-3.812332316637e-01
-3.808020862826e-01
-3.803711089674e-01
-3.799403010132e-01
-3.795096637113e-01
-3.790791983500e-01
-3.786489062138e-01
-3.782187885838e-01
-3.777888467376e-01
-3.773590819493e-01
-3.769294954894e-01
-3.765000886252e-01
-3.760708626201e-01
-3.756418187341e-01
-3.752129582238e-01
-3.747842823421e-01
-3.743557923384e-01
-3.739274894586e-01
-3.734993749450e-01
-3.730714500362e-01
-3.726437159675e-01
-3.722161739703e-01
-3.717888252727e-01
-3.713616710990e-01
-3.709347126701e-01
-3.705079512030e-01
-3.700813879113e-01
-3.696550240051e-01
-3.692288606905e-01
-3.688028991703e-01
-3.683771406436e-01
-3.679515863057e-01
-3.675262373483e-01
-3.671010949597e-01
-3.666761603242e-01
-3.662514346226e-01
-3.658269190320e-01
-3.654026147258e-01
-3.649785228739e-01
-3.645546446421e-01
-3.641309811930e-01
-3.637075336852e-01
-3.632843032736e-01
-3.628612911094e-01
-3.624384983404e-01
-3.620159261102e-01
-3.615935755589e-01
-3.611714478231e-01
-3.607495440352e-01
-3.603278653241e-01
-3.599064128152e-01
-3.594851876297e-01
-3.590641908853e-01
-3.586434236960e-01
-3.582228871804e-01
-3.578025824192e-01
-3.573825105408e-01
-3.569626726355e-01
-3.565430697982e-01
-3.561237031203e-01
-3.557045736892e-01
-3.552856825887e-01
-3.548670308987e-01
-3.544486196953e-01
-3.540304500508e-01
-3.536125230338e-01
-3.531948397089e-01
-3.527774011370e-01
-3.523602083752e-01
-3.519432624767e-01
-3.515265644910e-01
-3.511101154637e-01
-3.506939164366e-01
-3.502779684476e-01
-3.498622725307e-01
-3.494468297164e-01
-3.490316410310e-01
-3.486167074970e-01
-3.482020301333e-01
-3.477876099547e-01
-3.473734479723e-01
-3.469595451931e-01
-3.465459026206e-01
-3.461325212542e-01
-3.457194020894e-01
-3.453065461180e-01
-3.448939543279e-01
-3.444816277030e-01
-3.440695672234e-01
-3.436577738654e-01
-3.432462486013e-01
-3.428349923995e-01
-3.424240062248e-01
-3.420132910377e-01
-3.416028477951e-01
-3.411926774499e-01
-3.407827809512e-01
-3.403731592441e-01
-3.399638132699e-01
-3.395547439659e-01
-3.391459522655e-01
-3.387374390985e-01
-3.383292053903e-01
-3.379212520627e-01
-3.375135800337e-01
-3.371061902172e-01
-3.366990835232e-01
-3.362922608579e-01
-3.358857231234e-01
-3.354794712182e-01
-3.350735060366e-01
-3.346678284692e-01
-3.342624394025e-01
-3.338573397192e-01
-3.334525302982e-01
-3.330480120141e-01
-3.326437857381e-01
-3.322398523371e-01
-3.318362126742e-01
-3.314328676086e-01
-3.310298179956e-01
-3.306270646866e-01
-3.302246085289e-01
-3.298224503663e-01
-3.294205910381e-01
-3.290190313802e-01
-3.286177722244e-01
-3.282168143984e-01
-3.278161587262e-01
-3.274158060279e-01
-3.270157571196e-01
-3.266160128134e-01
-3.262165739176e-01
-3.258174412366e-01
-3.254186155709e-01
-3.250200977169e-01
-3.246218884674e-01
-3.242239886109e-01
-3.238263989323e-01
-3.234291202124e-01
-3.230321532283e-01
-3.226354987529e-01
-3.222391575555e-01
-3.218431304012e-01
-3.214474180514e-01
-3.210520212635e-01
-3.206569407911e-01
-3.202621773837e-01
-3.198677317870e-01
-3.194736047429e-01
-3.190797969893e-01
-3.186863092601e-01
-3.182931422855e-01
-3.179002967918e-01
-3.175077735011e-01
-3.171155731319e-01
-3.167236963989e-01
-3.163321440125e-01
-3.159409166796e-01
-3.155500151031e-01
-3.151594399819e-01
-3.147691920111e-01
-3.143792718820e-01
-3.139896802819e-01
-3.136004178943e-01
-3.132114853987e-01
-3.128228834710e-01
-3.124346127829e-01
-3.120466740024e-01
-3.116590677937e-01
-3.112717948170e-01
-3.108848557288e-01
-3.104982511815e-01
-3.101119818239e-01
-3.097260483008e-01
-3.093404512532e-01
-3.089551913182e-01
-3.085702691292e-01
-3.081856853155e-01
-3.078014405029e-01
-3.074175353130e-01
-3.070339703640e-01
-3.066507462697e-01
-3.062678636407e-01
-3.058853230833e-01
-3.055031252002e-01
-3.051212705903e-01
-3.047397598485e-01
-3.043585935662e-01
-3.039777723306e-01
-3.035972967255e-01
-3.032171673305e-01
-3.028373847218e-01
-3.024579494716e-01
-3.020788621483e-01
-3.017001233165e-01
-3.013217335371e-01
-3.009436933672e-01
-3.005660033601e-01
-3.001886640654e-01
-2.998116760288e-01
-2.994350397925e-01
-2.990587558945e-01
-2.986828248695e-01
-2.983072472482e-01
-2.979320235576e-01
-2.975571543210e-01
-2.971826400579e-01
-2.968084812842e-01
-2.964346785118e-01
-2.960612322493e-01
-2.956881430011e-01
-2.953154112683e-01
-2.949430375480e-01
-2.945710223338e-01
-2.941993661155e-01
-2.938280693790e-01
-2.934571326070e-01
-2.930865562780e-01
-2.927163408672e-01
-2.923464868458e-01
-2.919769946817e-01
-2.916078648389e-01
-2.912390977776e-01
-2.908706939547e-01
-2.905026538232e-01
-2.901349778324e-01
-2.897676664282e-01
-2.894007200527e-01
-2.890341391444e-01
-2.886679241382e-01
-2.883020754653e-01
-2.879365935534e-01
-2.875714788264e-01
-2.872067317049e-01
-2.868423526056e-01
-2.864783419418e-01
-2.861147001230e-01
-2.857514275555e-01
-2.853885246415e-01
-2.850259917801e-01
-2.846638293667e-01
-2.843020377928e-01
-2.839406174468e-01
-2.835795687135e-01
-2.832188919739e-01
-2.828585876056e-01
-2.824986559828e-01
-2.821390974758e-01
-2.817799124519e-01
-2.814211012744e-01
-2.810626643034e-01
-2.807046018953e-01
-2.803469144033e-01
-2.799896021768e-01
-2.796326655619e-01
-2.792761049011e-01
-2.789199205336e-01
-2.785641127949e-01
-2.782086820172e-01
-2.778536285293e-01
-2.774989526565e-01
-2.771446547205e-01
-2.767907350398e-01
-2.764371939294e-01
-2.760840317009e-01
-2.757312486624e-01
-2.753788451187e-01
-2.750268213710e-01
-2.746751777175e-01
-2.743239144526e-01
-2.739730318677e-01
-2.736225302504e-01
-2.732724098852e-01
-2.729226710534e-01
-2.725733140326e-01
-2.722243390972e-01
-2.718757465183e-01
-2.715275365638e-01
-2.711797094979e-01
-2.708322655837e-01
-2.704852050752e-01
-2.701385282288e-01
-2.697922352958e-01
-2.694463265239e-01
-2.691008021580e-01
-2.687556624392e-01
-2.684109076058e-01
-2.680665378926e-01
-2.677225535311e-01
-2.673789547497e-01
-2.670357417736e-01
-2.666929148245e-01
-2.663504741195e-01
-2.660084198773e-01
-2.656667523087e-01
-2.653254716224e-01
-2.649845780245e-01
-2.646440717175e-01
-2.643039529010e-01
-2.639642217713e-01
-2.636248785215e-01
-2.632859233416e-01
-2.629473564185e-01
-2.626091779359e-01
-2.622713880743e-01
-2.619339870113e-01
-2.615969749211e-01
-2.612603519751e-01
-2.609241183413e-01
-2.605882741848e-01
-2.602528196676e-01
-2.599177549484e-01
-2.595830801833e-01
-2.592487955248e-01
-2.589149011227e-01
-2.585813971237e-01
-2.582482836714e-01
-2.579155609064e-01
-2.575832289662e-01
-2.572512879854e-01
-2.569197380955e-01
-2.565885794251e-01
-2.562578120999e-01
-2.559274362422e-01
-2.555974519719e-01
-2.552678594054e-01
-2.549386586566e-01
-2.546098498361e-01
-2.542814330518e-01
-2.539534084085e-01
-2.536257760082e-01
-2.532985359499e-01
-2.529716883298e-01
-2.526452332411e-01
-2.523191707740e-01
-2.519935010162e-01
-2.516682240521e-01
-2.513433399634e-01
-2.510188488292e-01
-2.506947507252e-01
-2.503710457248e-01
-2.500477338982e-01
-2.497248153131e-01
-2.494022900340e-01
-2.490801581229e-01
-2.487584196389e-01
-2.484370746382e-01
-2.481161231745e-01
-2.477955652984e-01
-2.474754010580e-01
-2.471556304986e-01
-2.468362536624e-01
-2.465172705895e-01
-2.461986813167e-01
-2.458804858783e-01
-2.455626843060e-01
-2.452452766287e-01
-2.449282628724e-01
-2.446116430608e-01
-2.442954172146e-01
-2.439795853520e-01
-2.436641474885e-01
-2.433491036369e-01
-2.430344538075e-01
-2.427201980077e-01
-2.424063362426e-01
-2.420928685144e-01
-2.417797948229e-01
-2.414671151651e-01
-2.411548295356e-01
-2.408429379264e-01
-2.405314403267e-01
-2.402203367235e-01
-2.399096271008e-01
-2.395993114405e-01
-2.392893897217e-01
-2.389798619210e-01
-2.386707280125e-01
-2.383619879678e-01
-2.380536417560e-01
-2.377456893438e-01
-2.374381306951e-01
-2.371309657717e-01
-2.368241945327e-01
-2.365178169348e-01
-2.362118329323e-01
-2.359062424770e-01
-2.356010455183e-01
-2.352962420031e-01
-2.349918318760e-01
-2.346878150791e-01
-2.343841915522e-01
-2.340809612326e-01
-2.337781240552e-01
-2.334756799528e-01
-2.331736288555e-01
-2.328719706913e-01
-2.325707053856e-01
-2.322698328616e-01
-2.319693530404e-01
-2.316692658404e-01
-2.313695711779e-01
-2.310702689669e-01
-2.307713591190e-01
-2.304728415436e-01
-2.301747161478e-01
-2.298769828366e-01
-2.295796415124e-01
-2.292826920757e-01
-2.289861344246e-01
-2.286899684549e-01
-2.283941940604e-01
-2.280988111324e-01
-2.278038195603e-01
-2.275092192311e-01
-2.272150100297e-01
-2.269211918389e-01
-2.266277645391e-01
-2.263347280087e-01
-2.260420821240e-01
-2.257498267592e-01
-2.254579617861e-01
-2.251664870746e-01
-2.248754024926e-01
-2.245847079055e-01
-2.242944031769e-01
-2.240044881684e-01
-2.237149627392e-01
-2.234258267468e-01
-2.231370800463e-01
-2.228487224910e-01
-2.225607539321e-01
-2.222731742223e-01
-2.219859831978e-01
-2.216991807146e-01
-2.214127666122e-01
-2.211267407317e-01
-2.208411029123e-01
-2.205558529910e-01
-2.202709908029e-01
-2.199865161814e-01
-2.197024289577e-01
-2.194187289610e-01
-2.191354160188e-01
-2.188524899565e-01
-2.185699505976e-01
-2.182877977637e-01
-2.180060312747e-01
-2.177246509483e-01
-2.174436566005e-01
-2.171630480453e-01
-2.168828250950e-01
-2.166029875600e-01
-2.163235352488e-01
-2.160444679680e-01
-2.157657855225e-01
-2.154874877154e-01
-2.152095743479e-01
-2.149320452193e-01
-2.146549001274e-01
-2.143781388680e-01
-2.141017612351e-01
-2.138257670211e-01
-2.135501560164e-01
-2.132749280100e-01
-2.130000827888e-01
-2.127256201381e-01
-2.124515398416e-01
-2.121778416811e-01
-2.119045254368e-01
-2.116315908873e-01
-2.113590378092e-01
-2.110868659777e-01
-2.108150751662e-01
-2.105436651465e-01
-2.102726356888e-01
-2.100019865614e-01
-2.097317175312e-01
-2.094618283635e-01
-2.091923188218e-01
-2.089231886681e-01
-2.086544376628e-01
-2.083860655646e-01
-2.081180721308e-01
-2.078504571169e-01
-2.075832202770e-01
-2.073163613635e-01
-2.070498801275e-01
-2.067837763182e-01
-2.065180496836e-01
-2.062526999700e-01
-2.059877269222e-01
-2.057231302834e-01
-2.054589097955e-01
-2.051950651987e-01
-2.049315962320e-01
-2.046685026326e-01
-2.044057841364e-01
-2.041434404778e-01
-2.038814713897e-01
-2.036198766038e-01
-2.033586558501e-01
-2.030978088572e-01
-2.028373353523e-01
-2.025772350614e-01
-2.023175077088e-01
-2.020581530176e-01
-2.017991707093e-01
-2.015405605044e-01
-2.012823221216e-01
-2.010244552786e-01
-2.007669596915e-01
-2.005098350752e-01
-2.002530811431e-01
-1.999966976075e-01
-1.997406841791e-01
-1.994850405677e-01
-1.992297664813e-01
-1.989748616270e-01
-1.987203257104e-01
-1.984661584359e-01
-1.982123595066e-01
-1.979589286244e-01
-1.977058654898e-01
-1.974531698021e-01
-1.972008412596e-01
-1.969488795590e-01
-1.966972843960e-01
-1.964460554650e-01
-1.961951924593e-01
-1.959446950708e-01
-1.956945629905e-01
-1.954447959079e-01
-1.951953935115e-01
-1.949463554887e-01
-1.946976815255e-01
-1.944493713069e-01
-1.942014245168e-01
-1.939538408379e-01
-1.937066199518e-01
-1.934597615389e-01
-1.932132652785e-01
-1.929671308489e-01
-1.927213579271e-01
-1.924759461893e-01
-1.922308953104e-01
-1.919862049643e-01
-1.917418748235e-01
-1.914979045603e-01
-1.912542938450e-01
-1.910110423475e-01
-1.907681497361e-01
-1.905256156787e-01
-1.902834398416e-01
-1.900416218904e-01
-1.898001614898e-01
-1.895590583031e-01
-1.893183119929e-01
-1.890779222208e-01
-1.888378886473e-01
-1.885982109321e-01
-1.883588887338e-01
-1.881199217100e-01
-1.878813095174e-01
-1.876430518119e-01
-1.874051482483e-01
-1.871675984806e-01
-1.869304021616e-01
-1.866935589436e-01
-1.864570684776e-01
-1.862209304140e-01
-1.859851444022e-01
-1.857497100906e-01
-1.855146271269e-01
-1.852798951579e-01
-1.850455138294e-01
-1.848114827864e-01
-1.845778016733e-01
-1.843444701332e-01
-1.841114878087e-01
-1.838788543416e-01
-1.836465693726e-01
-1.834146325418e-01
-1.831830434885e-01
-1.829518018510e-01
-1.827209072670e-01
-1.824903593735e-01
-1.822601578064e-01
-1.820303022011e-01
-1.818007921920e-01
-1.815716274131e-01
-1.813428074973e-01
-1.811143320768e-01
-1.808862007834e-01
-1.806584132476e-01
-1.804309690997e-01
-1.802038679690e-01
-1.799771094841e-01
-1.797506932730e-01
-1.795246189630e-01
-1.792988861805e-01
-1.790734945515e-01
-1.788484437012e-01
-1.786237332541e-01
-1.783993628339e-01
-1.781753320640e-01
-1.779516405669e-01
-1.777282879644e-01
-1.775052738778e-01
-1.772825979277e-01
-1.770602597341e-01
-1.768382589163e-01
-1.766165950932e-01
-1.763952678829e-01
-1.761742769028e-01
-1.759536217701e-01
-1.757333021009e-01
-1.755133175111e-01
-1.752936676159e-01
-1.750743520299e-01
-1.748553704893e-01
-1.746367222412e-01
-1.744184072649e-01
-1.742004250508e-01
-1.739827752106e-01
-1.737654573558e-01
-1.735484710971e-01
-1.733318160447e-01
-1.731154918086e-01
-1.728994979978e-01
-1.726838342212e-01
-1.724685000870e-01
-1.722534952029e-01
-1.720388191763e-01
-1.718244716140e-01
-1.716104521222e-01
-1.713967603067e-01
-1.711833957731e-01
-1.709703581262e-01
-1.707576469705e-01
-1.705452619100e-01
-1.703332025484e-01
-1.701214684888e-01
-1.699100593339e-01
-1.696989746860e-01
-1.694882141470e-01
-1.692777773185e-01
-1.690676638015e-01
-1.688578731966e-01
-1.686484051042e-01
-1.684392591242e-01
-1.682304348560e-01
-1.680219318988e-01
-1.678137498514e-01
-1.676058883122e-01
-1.673983468792e-01
-1.671911251500e-01
-1.669842227221e-01
-1.667776391924e-01
-1.665713741575e-01
-1.663654272138e-01
-1.661597979572e-01
-1.659544859835e-01
-1.657494908879e-01
-1.655448122655e-01
-1.653404497110e-01
-1.651364028188e-01
-1.649326711831e-01
-1.647292543977e-01
-1.645261520561e-01
-1.643233637516e-01
-1.641208890772e-01
-1.639187276256e-01
-1.637168789893e-01
-1.635153427604e-01
-1.633141185309e-01
-1.631132058924e-01
-1.629126044365e-01
-1.627123137543e-01
-1.625123334367e-01
-1.623126630745e-01
-1.621133022582e-01
-1.619142505781e-01
-1.617155076243e-01
-1.615170729865e-01
-1.613189462545e-01
-1.611211270177e-01
-1.609236148653e-01
-1.607264093865e-01
-1.605295101700e-01
-1.603329168046e-01
-1.601366288788e-01
-1.599406459809e-01
-1.597449676991e-01
-1.595495936213e-01
-1.593545233355e-01
-1.591597564294e-01
-1.589652924904e-01
-1.587711311059e-01
-1.585772718633e-01
-1.583837143497e-01
-1.581904581519e-01
-1.579975028570e-01
-1.578048480516e-01
-1.576124933223e-01
-1.574204382557e-01
-1.572286824381e-01
-1.570372254559e-01
-1.568460668952e-01
-1.566552063422e-01
-1.564646433828e-01
-1.562743776029e-01
-1.560844085884e-01
-1.558947359250e-01
-1.557053591985e-01
-1.555162779943e-01
-1.553274918982e-01
-1.551390004954e-01
-1.549508033715e-01
-1.547629001119e-01
-1.545752903018e-01
-1.543879735265e-01
-1.542009493712e-01
-1.540142174212e-01
-1.538277772616e-01
-1.536416284776e-01
-1.534557706541e-01
-1.532702033764e-01
-1.530849262295e-01
-1.528999387985e-01
-1.527152406683e-01
-1.525308314241e-01
-1.523467106509e-01
-1.521628779337e-01
-1.519793328575e-01
-1.517960750075e-01
-1.516131039686e-01
-1.514304193260e-01
-1.512480206649e-01
-1.510659075702e-01
-1.508840796273e-01
-1.507025364213e-01
-1.505212775373e-01
-1.503403025608e-01
-1.501596110770e-01
-1.499792026714e-01
-1.497990769292e-01
-1.496192334360e-01
-1.494396717773e-01
-1.492603915387e-01
-1.490813923059e-01
-1.489026736646e-01
-1.487242352006e-01
-1.485460764998e-01
-1.483681971481e-01
-1.481905967316e-01
-1.480132748363e-01
-1.478362310486e-01
-1.476594649547e-01
-1.474829761411e-01
-1.473067641942e-01
-1.471308287006e-01
-1.469551692471e-01
-1.467797854205e-01
-1.466046768077e-01
-1.464298429959e-01
-1.462552835721e-01
-1.460809981236e-01
-1.459069862380e-01
-1.457332475028e-01
-1.455597815055e-01
-1.453865878342e-01
-1.452136660767e-01
-1.450410158212e-01
-1.448686366559e-01
-1.446965281691e-01
-1.445246899496e-01
-1.443531215859e-01
-1.441818226670e-01
-1.440107927818e-01
-1.438400315196e-01
-1.436695384697e-01
-1.434993132216e-01
-1.433293553651e-01
-1.431596644901e-01
-1.429902401865e-01
-1.428210820446e-01
-1.426521896549e-01
-1.424835626079e-01
-1.423152004945e-01
-1.421471029057e-01
-1.419792694325e-01
-1.418116996665e-01
-1.416443931992e-01
-1.414773496225e-01
-1.413105685282e-01
-1.411440495086e-01
-1.409777921562e-01
-1.408117960635e-01
-1.406460608235e-01
-1.404805860292e-01
-1.403153712739e-01
-1.401504161512e-01
-1.399857202547e-01
-1.398212831785e-01
-1.396571045169e-01
-1.394931838641e-01
-1.393295208150e-01
-1.391661149645e-01
-1.390029659078e-01
-1.388400732402e-01
-1.386774365575e-01
-1.385150554556e-01
-1.383529295306e-01
-1.381910583791e-01
-1.380294415976e-01
-1.378680787832e-01
-1.377069695331e-01
-1.375461134447e-01
-1.373855101159e-01
-1.372251591446e-01
-1.370650601291e-01
-1.369052126680e-01
-1.367456169106e-01
-1.365862708047e-01
-1.364271756011e-01
-1.362683303490e-01
-1.361097346483e-01
-1.359513880993e-01
-1.357932903027e-01
-1.356354408593e-01
-1.354778393701e-01
-1.353204854367e-01
-1.351633786609e-01
-1.350065186445e-01
-1.348499049902e-01
-1.346935373003e-01
-1.345374151780e-01
-1.343815382266e-01
-1.342259060495e-01
-1.340705182508e-01
-1.339153744346e-01
-1.337604742055e-01
-1.336058171683e-01
-1.334514029282e-01
-1.332972310907e-01
-1.331433012617e-01
-1.329896130473e-01
-1.328361660541e-01
-1.326829598887e-01
-1.325299941584e-01
-1.323772684707e-01
-1.322247824334e-01
-1.320725356547e-01
-1.319205277430e-01
-1.317687583073e-01
-1.316172269567e-01
-1.314659333008e-01
-1.313148769495e-01
-1.311640575130e-01
-1.310134746019e-01
-1.308631278271e-01
-1.307130168000e-01
-1.305631411323e-01
-1.304135004358e-01
-1.302640943232e-01
-1.301149224070e-01
-1.299659843003e-01
-1.298172796167e-01
-1.296688079701e-01
-1.295205689745e-01
-1.293725622446e-01
-1.292247873953e-01
-1.290772440420e-01
-1.289299318004e-01
-1.287828502864e-01
-1.286359991167e-01
-1.284893779080e-01
-1.283429862776e-01
-1.281968238430e-01
-1.280508902222e-01
-1.279051850336e-01
-1.277597078959e-01
-1.276144584283e-01
-1.274694362504e-01
-1.273246409820e-01
-1.271800722435e-01
-1.270357296556e-01
-1.268916128394e-01
-1.267477214164e-01
-1.266040550084e-01
-1.264606132379e-01
-1.263173957275e-01
-1.261744021003e-01
-1.260316319799e-01
-1.258890849901e-01
-1.257467607552e-01
-1.256046589001e-01
-1.254627790498e-01
-1.253211208299e-01
-1.251796838663e-01
-1.250384677855e-01
-1.248974722142e-01
-1.247566967795e-01
-1.246161411092e-01
-1.244758048313e-01
-1.243356875742e-01
-1.241957889667e-01
-1.240561086383e-01
-1.239166462185e-01
-1.237774013376e-01
-1.236383736261e-01
-1.234995627149e-01
-1.233609682356e-01
-1.232225898199e-01
-1.230844271001e-01
-1.229464797089e-01
-1.228087472795e-01
-1.226712294454e-01
-1.225339258406e-01
-1.223968360995e-01
-1.222599598570e-01
-1.221232967483e-01
-1.219868464093e-01
-1.218506084761e-01
-1.217145825854e-01
-1.215787683740e-01
-1.214431654797e-01
-1.213077735402e-01
-1.211725921939e-01
-1.210376210798e-01
-1.209028598369e-01
-1.207683081051e-01
-1.206339655246e-01
-1.204998317358e-01
-1.203659063798e-01
-1.202321890982e-01
-1.200986795330e-01
-1.199653773263e-01
-1.198322821211e-01
-1.196993935608e-01
-1.195667112890e-01
-1.194342349500e-01
-1.193019641885e-01
-1.191698986494e-01
-1.190380379785e-01
-1.189063818216e-01
-1.187749298254e-01
-1.186436816367e-01
-1.185126369029e-01
-1.183817952719e-01
-1.182511563920e-01
-1.181207199120e-01
-1.179904854811e-01
-1.178604527490e-01
-1.177306213659e-01
-1.176009909823e-01
-1.174715612494e-01
-1.173423318187e-01
-1.172133023423e-01
-1.170844724726e-01
-1.169558418625e-01
-1.168274101656e-01
-1.166991770356e-01
-1.165711421269e-01
-1.164433050943e-01
-1.163156655931e-01
-1.161882232791e-01
-1.160609778085e-01
-1.159339288380e-01
-1.158070760248e-01
-1.156804190264e-01
-1.155539575011e-01
-1.154276911074e-01
-1.153016195043e-01
-1.151757423514e-01
-1.150500593086e-01
-1.149245700366e-01
-1.147992741962e-01
-1.146741714488e-01
-1.145492614563e-01
-1.144245438813e-01
-1.143000183864e-01
-1.141756846350e-01
-1.140515422910e-01
-1.139275910187e-01
-1.138038304827e-01
-1.136802603484e-01
-1.135568802815e-01
-1.134336899482e-01
-1.133106890152e-01
-1.131878771496e-01
-1.130652540191e-01
-1.129428192918e-01
-1.128205726364e-01
-1.126985137218e-01
-1.125766422178e-01
-1.124549577943e-01
-1.123334601219e-01
-1.122121488717e-01
-1.120910237150e-01
-1.119700843239e-01
-1.118493303709e-01
-1.117287615289e-01
-1.116083774713e-01
-1.114881778721e-01
-1.113681624057e-01
-1.112483307470e-01
-1.111286825713e-01
-1.110092175545e-01
-1.108899353729e-01
-1.107708357034e-01
-1.106519182234e-01
-1.105331826105e-01
-1.104146285430e-01
-1.102962556998e-01
-1.101780637602e-01
-1.100600524039e-01
-1.099422213111e-01
-1.098245701624e-01
-1.097070986393e-01
-1.095898064232e-01
-1.094726931965e-01
-1.093557586417e-01
-1.092390024421e-01
-1.091224242812e-01
-1.090060238433e-01
-1.088898008129e-01
-1.087737548752e-01
-1.086578857157e-01
-1.085421930205e-01
-1.084266764762e-01
-1.083113357699e-01
-1.081961705891e-01
-1.080811806218e-01
-1.079663655567e-01
-1.078517250826e-01
-1.077372588891e-01
-1.076229666662e-01
-1.075088481043e-01
-1.073949028944e-01
-1.072811310433e-01
-1.071675316067e-01
-1.070541042940e-01
-1.069408494116e-01
-1.068277663435e-01
-1.067148547835e-01
-1.066021144259e-01
-1.064895449657e-01
-1.063771460982e-01
-1.062649175192e-01
-1.061528589252e-01
-1.060409700129e-01
-1.059292504796e-01
-1.058177000231e-01
-1.057063183419e-01
-1.055951051346e-01
-1.054840601004e-01
-1.053731829392e-01
-1.052624733513e-01
-1.051519310372e-01
-1.050415556983e-01
-1.049313470362e-01
-1.048213047532e-01
-1.047114285519e-01
-1.046017181354e-01
-1.044921732076e-01
-1.043827934724e-01
-1.042735786345e-01
-1.041645283991e-01
-1.040556424716e-01
-1.039469205583e-01
-1.038383623657e-01
-1.037299676008e-01
-1.036217359713e-01
-1.035136671850e-01
-1.034057609506e-01
-1.032980169770e-01
-1.031904349737e-01
-1.030830146507e-01
-1.029757557185e-01
-1.028686578879e-01
-1.027617208705e-01
-1.026549443780e-01
-1.025483281230e-01
-1.024418718182e-01
-1.023355751771e-01
-1.022294379135e-01
-1.021234597417e-01
-1.020176403764e-01
-1.019119795331e-01
-1.018064769275e-01
-1.017011322757e-01
-1.015959452947e-01
-1.014909157015e-01
-1.013860432139e-01
-1.012813275500e-01
-1.011767684286e-01
-1.010723655687e-01
-1.009681186899e-01
-1.008640275125e-01
-1.007600917569e-01
-1.006563111442e-01
-1.005526853960e-01
-1.004492142342e-01
-1.003458973814e-01
-1.002427345605e-01
-1.001397254950e-01
-1.000368699088e-01
-9.993416752637e-02
-9.983161807251e-02
-9.972922127261e-02
-9.962697685250e-02
-9.952488453851e-02
-9.942294405741e-02
-9.932115513646e-02
-9.921951750341e-02
-9.911803088646e-02
-9.901669501431e-02
-9.891550961610e-02
-9.881447442148e-02
-9.871358916055e-02
-9.861285356389e-02
-9.851226736255e-02
-9.841183028806e-02
-9.831154207241e-02
-9.821140244807e-02
-9.811141114798e-02
-9.801156790555e-02
-9.791187245465e-02
-9.781232452963e-02
-9.771292386532e-02
-9.761367019699e-02
-9.751456326042e-02
-9.741560279181e-02
-9.731678852787e-02
-9.721812020576e-02
-9.711959756309e-02
-9.702122033797e-02
-9.692298826895e-02
-9.682490109507e-02
-9.672695855581e-02
-9.662916039113e-02
-9.653150634145e-02
-9.643399614765e-02
-9.633662955110e-02
-9.623940629359e-02
-9.614232611740e-02
-9.604538876528e-02
-9.594859398042e-02
-9.585194150635e-02
-9.575543108747e-02
-9.565906246821e-02
-9.556283539363e-02
-9.546674960924e-02
-9.537080486098e-02
-9.527500089529e-02
-9.517933745904e-02
-9.508381429958e-02
-9.498843116470e-02
-9.489318780266e-02
-9.479808396216e-02
-9.470311939237e-02
-9.460829384291e-02
-9.451360706386e-02
-9.441905880576e-02
-9.432464881958e-02
-9.423037685677e-02
-9.413624266923e-02
-9.404224600929e-02
-9.394838662984e-02
-9.385466428396e-02
-9.376107872544e-02
-9.366762970844e-02
-9.357431698755e-02
-9.348114031782e-02
-9.338809945477e-02
-9.329519415434e-02
-9.320242417292e-02
-9.310978926738e-02
-9.301728919499e-02
-9.292492371352e-02
-9.283269258113e-02
-9.274059555647e-02
-9.264863239861e-02
-9.255680286708e-02
-9.246510672185e-02
-9.237354372333e-02
-9.228211363238e-02
-9.219081621028e-02
-9.209965121879e-02
-9.200861842008e-02
-9.191771757679e-02
-9.182694845196e-02
-9.173631080910e-02
-9.164580441217e-02
-9.155542902553e-02
-9.146518441401e-02
-9.137507034288e-02
-9.128508657782e-02
-9.119523288496e-02
-9.110550903089e-02
-9.101591478259e-02
-9.092644990752e-02
-9.083711417354e-02
-9.074790734897e-02
-9.065882920255e-02
-9.056987950345e-02
-9.048105802128e-02
-9.039236452608e-02
-9.030379878833e-02
-9.021536057892e-02
-9.012704966918e-02
-9.003886583089e-02
-8.995080883622e-02
-8.986287845780e-02
-8.977507446868e-02
-8.968739664232e-02
-8.959984475264e-02
-8.951241857396e-02
-8.942511788103e-02
-8.933794244904e-02
-8.925089205358e-02
-8.916396647068e-02
-8.907716547679e-02
-8.899048884880e-02
-8.890393636398e-02
-8.881750780007e-02
-8.873120293519e-02
-8.864502154791e-02
-8.855896341721e-02
-8.847302832248e-02
-8.838721604355e-02
-8.830152636064e-02
-8.821595905441e-02
-8.813051390586e-02
-8.804519069661e-02
-8.795998920851e-02
-8.787490922386e-02
-8.778995052540e-02
-8.770511289627e-02
-8.762039612004e-02
-8.753579998067e-02
-8.745132426255e-02
-8.736696875047e-02
-8.728273322965e-02
-8.719861748571e-02
-8.711462130466e-02
-8.703074447295e-02
-8.694698677742e-02
-8.686334800533e-02
-8.677982794433e-02
-8.669642638251e-02
-8.661314310832e-02
-8.652997791066e-02
-8.644693057880e-02
-8.636400090243e-02
-8.628118867166e-02
-8.619849367698e-02
-8.611591570928e-02
-8.603345455987e-02
-8.595111002053e-02
-8.586888188321e-02
-8.578676994049e-02
-8.570477398527e-02
-8.562289381086e-02
-8.554112921096e-02
-8.545947997966e-02
-8.537794594178e-02
-8.529652682980e-02
-8.521522247119e-02
-8.513403266148e-02
-8.505295719684e-02
-8.497199587374e-02
-8.489114848904e-02
-8.481041484001e-02
-8.472979472430e-02
-8.464928793995e-02
-8.456889428540e-02
-8.448861355948e-02
-8.440844556133e-02
-8.432839009069e-02
-8.424844694749e-02
-8.416861592674e-02
-8.408889684142e-02
-8.400928948581e-02
-8.392979366146e-02
-8.385040917029e-02
-8.377113581460e-02
-8.369197339711e-02
-8.361292172087e-02
-8.353398058937e-02
-8.345514980643e-02
-8.337642917628e-02
-8.329781850354e-02
-8.321931759318e-02
-8.314092625058e-02
-8.306264428149e-02
-8.298447149202e-02
-8.290640768868e-02
-8.282845267835e-02
-8.275060626829e-02
-8.267286826612e-02
-8.259523847987e-02
-8.251771671791e-02
-8.244030278900e-02
-8.236299650228e-02
-8.228579766724e-02
-8.220870609376e-02
-8.213172159210e-02
-8.205484397287e-02
-8.197807304707e-02
-8.190140862604e-02
-8.182485052153e-02
-8.174839854564e-02
-8.167205251082e-02
-8.159581222991e-02
-8.151967751611e-02
-8.144364818299e-02
-8.136772404448e-02
-8.129190491487e-02
-8.121619060884e-02
-8.114058094140e-02
-8.106507572794e-02
-8.098967478421e-02
-8.091437792632e-02
-8.083918497075e-02
-8.076409573433e-02
-8.068911003426e-02
-8.061422768808e-02
-8.053944851371e-02
-8.046477232942e-02
-8.039019895383e-02
-8.031572820593e-02
-8.024135990506e-02
-8.016709387092e-02
-8.009292992355e-02
-8.001886788336e-02
-7.994490757111e-02
-7.987104880790e-02
-7.979729141521e-02
-7.972363521484e-02
-7.965008002897e-02
-7.957662568011e-02
-7.950327199114e-02
-7.943001878525e-02
-7.935686588603e-02
-7.928381311738e-02
-7.921086030356e-02
-7.913800726919e-02
-7.906525383921e-02
-7.899259983892e-02
-7.892004509398e-02
-7.884758943036e-02
-7.877523267440e-02
-7.870297465277e-02
-7.863081519250e-02
-7.855875412094e-02
-7.848679126579e-02
-7.841492645509e-02
-7.834315951723e-02
-7.827149028092e-02
-7.819991857523e-02
-7.812844422955e-02
-7.805706707362e-02
-7.798578693751e-02
-7.791460365163e-02
-7.784351704672e-02
-7.777252695386e-02
-7.770163320447e-02
-7.763083563029e-02
-7.756013406340e-02
-7.748952833622e-02
-7.741901828149e-02
-7.734860373229e-02
-7.727828452202e-02
-7.720806048442e-02
-7.713793145357e-02
-7.706789726385e-02
-7.699795774998e-02
-7.692811274703e-02
-7.685836209037e-02
-7.678870561571e-02
-7.671914315907e-02
-7.664967455681e-02
-7.658029964562e-02
-7.651101826250e-02
-7.644183024478e-02
-7.637273543010e-02
-7.630373365646e-02
-7.623482476213e-02
-7.616600858573e-02
-7.609728496621e-02
-7.602865374281e-02
-7.596011475512e-02
-7.589166784303e-02
-7.582331284675e-02
-7.575504960681e-02
-7.568687796405e-02
-7.561879775965e-02
-7.555080883507e-02
-7.548291103211e-02
-7.541510419288e-02
-7.534738815980e-02
-7.527976277561e-02
-7.521222788334e-02
-7.514478332637e-02
-7.507742894835e-02
-7.501016459328e-02
-7.494299010544e-02
-7.487590532943e-02
-7.480891011017e-02
-7.474200429286e-02
-7.467518772305e-02
-7.460846024656e-02
-7.454182170953e-02
-7.447527195841e-02
-7.440881083994e-02
-7.434243820119e-02
-7.427615388952e-02
-7.420995775258e-02
-7.414384963836e-02
-7.407782939510e-02
-7.401189687140e-02
-7.394605191612e-02
-7.388029437843e-02
-7.381462410781e-02
-7.374904095404e-02
-7.368354476717e-02
-7.361813539760e-02
-7.355281269597e-02
-7.348757651326e-02
-7.342242670074e-02
-7.335736310995e-02
-7.329238559276e-02
-7.322749400130e-02
-7.316268818804e-02
-7.309796801014e-02
-7.303333331174e-02
-7.296878395061e-02
-7.290431978037e-02
-7.283994065491e-02
-7.277564642851e-02
-7.271143695551e-02
-7.264731209076e-02
-7.258327168933e-02
-7.251931560657e-02
-7.245544369813e-02
-7.239165581992e-02
-7.232795182818e-02
-7.226433157939e-02
-7.220079493036e-02
-7.213734173816e-02
-7.207397186013e-02
-7.201068515393e-02
-7.194748147748e-02
-7.188436068899e-02
-7.182132264695e-02
-7.175836721013e-02
-7.169549423758e-02
-7.163270358865e-02
-7.156999512294e-02
-7.150736870034e-02
-7.144482418104e-02
-7.138236142548e-02
-7.131998029439e-02
-7.125768064877e-02
-7.119546234991e-02
-7.113332525937e-02
-7.107126923899e-02
-7.100929415086e-02
-7.094739985737e-02
-7.088558622119e-02
-7.082385310524e-02
-7.076220037273e-02
-7.070062788713e-02
-7.063913551220e-02
-7.057772311194e-02
-7.051639055065e-02
-7.045513769289e-02
-7.039396440348e-02
-7.033287054753e-02
-7.027185599040e-02
-7.021092059773e-02
-7.015006423541e-02
-7.008928676962e-02
-7.002858806678e-02
-6.996796799361e-02
-6.990742641706e-02
-6.984696320436e-02
-6.978657822301e-02
-6.972627134077e-02
-6.966604242565e-02
-6.960589134594e-02
-6.954581797019e-02
-6.948582216719e-02
-6.942590380602e-02
-6.936606275600e-02
-6.930629888672e-02
-6.924661206803e-02
-6.918700217002e-02
-6.912746906307e-02
-6.906801261780e-02
-6.900863270507e-02
-6.894932919604e-02
-6.889010196207e-02
-6.883095087484e-02
-6.877187580622e-02
-6.871287662838e-02
-6.865395321373e-02
-6.859510543493e-02
-6.853633316490e-02
-6.847763627680e-02
-6.841901464405e-02
-6.836046814033e-02
-6.830199663955e-02
-6.824360001590e-02
-6.818527814378e-02
-6.812703089788e-02
-6.806885815310e-02
-6.801075978463e-02
-6.795273566788e-02
-6.789478567850e-02
-6.783690969241e-02
-6.777910758577e-02
-6.772137923498e-02
-6.766372451667e-02
-6.760614330776e-02
-6.754863548536e-02
-6.749120092686e-02
-6.743383950989e-02
-6.737655111230e-02
-6.731933561221e-02
-6.726219288796e-02
-6.720512281814e-02
-6.714812528158e-02
-6.709120015736e-02
-6.703434732478e-02
-6.697756666339e-02
-6.692085805298e-02
-6.686422137358e-02
-6.680765650544e-02
-6.675116332908e-02
-6.669474172522e-02
-6.663839157484e-02
-6.658211275915e-02
-6.652590515959e-02
-6.646976865784e-02
-6.641370313581e-02
-6.635770847565e-02
-6.630178455974e-02
-6.624593127070e-02
-6.619014849135e-02
-6.613443610479e-02
-6.607879399432e-02
-6.602322204347e-02
-6.596772013601e-02
-6.591228815595e-02
-6.585692598750e-02
-6.580163351513e-02
-6.574641062352e-02
-6.569125719757e-02
-6.563617312244e-02
-6.558115828348e-02
-6.552621256629e-02
-6.547133585669e-02
-6.541652804071e-02
-6.536178900464e-02
-6.530711863495e-02
-6.525251681838e-02
-6.519798344185e-02
-6.514351839254e-02
-6.508912155782e-02
-6.503479282532e-02
-6.498053208285e-02
-6.492633921847e-02
-6.487221412045e-02
-6.481815667728e-02
-6.476416677768e-02
-6.471024431058e-02
-6.465638916512e-02
-6.460260123067e-02
-6.454888039683e-02
-6.449522655339e-02
-6.444163959037e-02
-6.438811939802e-02
-6.433466586678e-02
-6.428127888733e-02
-6.422795835054e-02
-6.417470414753e-02
-6.412151616959e-02
-6.406839430825e-02
-6.401533845527e-02
-6.396234850258e-02
-6.390942434236e-02
-6.385656586698e-02
-6.380377296903e-02
-6.375104554131e-02
-6.369838347683e-02
-6.364578666882e-02
-6.359325501069e-02
-6.354078839610e-02
-6.348838671889e-02
-6.343604987311e-02
-6.338377775304e-02
-6.333157025313e-02
-6.327942726809e-02
-6.322734869277e-02
-6.317533442229e-02
-6.312338435194e-02
-6.307149837722e-02
-6.301967639384e-02
-6.296791829771e-02
-6.291622398495e-02
-6.286459335188e-02
-6.281302629501e-02
-6.276152271109e-02
-6.271008249702e-02
-6.265870554995e-02
-6.260739176720e-02
-6.255614104631e-02
-6.250495328501e-02
-6.245382838123e-02
-6.240276623310e-02
-6.235176673895e-02
-6.230082979732e-02
-6.224995530694e-02
-6.219914316672e-02
-6.214839327579e-02
-6.209770553348e-02
-6.204707983931e-02
-6.199651609297e-02
-6.194601419440e-02
-6.189557404368e-02
-6.184519554113e-02
-6.179487858723e-02
-6.174462308268e-02
-6.169442892835e-02
-6.164429602533e-02
-6.159422427488e-02
-6.154421357847e-02
-6.149426383774e-02
-6.144437495455e-02
-6.139454683092e-02
-6.134477936909e-02
-6.129507247148e-02
-6.124542604069e-02
-6.119583997952e-02
-6.114631419095e-02
-6.109684857816e-02
-6.104744304452e-02
-6.099809749358e-02
-6.094881182907e-02
-6.089958595493e-02
-6.085041977526e-02
-6.080131319437e-02
-6.075226611674e-02
-6.070327844704e-02
-6.065435009013e-02
-6.060548095105e-02
-6.055667093503e-02
-6.050791994748e-02
-6.045922789398e-02
-6.041059468032e-02
-6.036202021246e-02
-6.031350439653e-02
-6.026504713886e-02
-6.021664834596e-02
-6.016830792450e-02
-6.012002578137e-02
-6.007180182361e-02
-6.002363595844e-02
-5.997552809327e-02
-5.992747813570e-02
-5.987948599347e-02
-5.983155157455e-02
-5.978367478705e-02
-5.973585553927e-02
-5.968809373970e-02
-5.964038929697e-02
-5.959274211993e-02
-5.954515211759e-02
-5.949761919912e-02
-5.945014327388e-02
-5.940272425142e-02
-5.935536204143e-02
-5.930805655380e-02
-5.926080769858e-02
-5.921361538601e-02
-5.916647952650e-02
-5.911940003061e-02
-5.907237680909e-02
-5.902540977287e-02
-5.897849883304e-02
-5.893164390086e-02
-5.888484488777e-02
-5.883810170537e-02
-5.879141426544e-02
-5.874478247993e-02
-5.869820626095e-02
-5.865168552078e-02
-5.860522017187e-02
-5.855881012686e-02
-5.851245529852e-02
-5.846615559982e-02
-5.841991094388e-02
-5.837372124399e-02
-5.832758641360e-02
-5.828150636636e-02
-5.823548101603e-02
-5.818951027659e-02
-5.814359406214e-02
-5.809773228698e-02
-5.805192486556e-02
-5.800617171249e-02
-5.796047274254e-02
-5.791482787067e-02
-5.786923701197e-02
-5.782370008171e-02
-5.777821699532e-02
-5.773278766839e-02
-5.768741201668e-02
-5.764208995610e-02
-5.759682140272e-02
-5.755160627278e-02
-5.750644448268e-02
-5.746133594897e-02
-5.741628058836e-02
-5.737127831774e-02
-5.732632905414e-02
-5.728143271475e-02
-5.723658921691e-02
-5.719179847814e-02
-5.714706041610e-02
-5.710237494862e-02
-5.705774199367e-02
-5.701316146939e-02
-5.696863329408e-02
-5.692415738618e-02
-5.687973366429e-02
-5.683536204717e-02
-5.679104245374e-02
-5.674677480306e-02
-5.670255901436e-02
-5.665839500701e-02
-5.661428270055e-02
-5.657022201464e-02
-5.652621286914e-02
-5.648225518402e-02
-5.643834887942e-02
-5.639449387565e-02
-5.635069009313e-02
-5.630693745247e-02
-5.626323587441e-02
-5.621958527984e-02
-5.617598558982e-02
-5.613243672553e-02
-5.608893860832e-02
-5.604549115969e-02
-5.600209430128e-02
-5.595874795488e-02
-5.591545204243e-02
-5.587220648602e-02
-5.582901120789e-02
-5.578586613041e-02
-5.574277117612e-02
-5.569972626770e-02
-5.565673132796e-02
-5.561378627987e-02
-5.557089104656e-02
-5.552804555128e-02
-5.548524971743e-02
-5.544250346856e-02
-5.539980672838e-02
-5.535715942071e-02
-5.531456146955e-02
-5.527201279901e-02
-5.522951333336e-02
-5.518706299702e-02
-5.514466171454e-02
-5.510230941062e-02
-5.506000601009e-02
-5.501775143795e-02
-5.497554561930e-02
-5.493338847941e-02
-5.489127994369e-02
-5.484921993767e-02
-5.480720838705e-02
-5.476524521765e-02
-5.472333035543e-02
-5.468146372650e-02
-5.463964525709e-02
-5.459787487358e-02
-5.455615250250e-02
-5.451447807051e-02
-5.447285150439e-02
-5.443127273108e-02
-5.438974167765e-02
-5.434825827131e-02
-5.430682243939e-02
-5.426543410938e-02
-5.422409320889e-02
-5.418279966567e-02
-5.414155340761e-02
-5.410035436274e-02
-5.405920245919e-02
-5.401809762528e-02
-5.397703978942e-02
-5.393602888016e-02
-5.389506482621e-02
-5.385414755639e-02
-5.381327699966e-02
-5.377245308511e-02
-5.373167574196e-02
-5.369094489957e-02
-5.365026048744e-02
-5.360962243517e-02
-5.356903067252e-02
-5.352848512938e-02
-5.348798573575e-02
-5.344753242178e-02
-5.340712511776e-02
-5.336676375407e-02
-5.332644826125e-02
-5.328617856997e-02
-5.324595461103e-02
-5.320577631533e-02
-5.316564361394e-02
-5.312555643803e-02
-5.308551471890e-02
-5.304551838799e-02
-5.300556737687e-02
-5.296566161722e-02
-5.292580104085e-02
-5.288598557972e-02
-5.284621516588e-02
-5.280648973154e-02
-5.276680920902e-02
-5.272717353075e-02
-5.268758262932e-02
-5.264803643742e-02
-5.260853488787e-02
-5.256907791362e-02
-5.252966544774e-02
-5.249029742342e-02
-5.245097377398e-02
-5.241169443287e-02
-5.237245933364e-02
-5.233326840999e-02
-5.229412159573e-02
-5.225501882478e-02
-5.221596003121e-02
-5.217694514919e-02
-5.213797411303e-02
-5.209904685713e-02
-5.206016331604e-02
-5.202132342442e-02
-5.198252711706e-02
-5.194377432886e-02
-5.190506499484e-02
-5.186639905014e-02
-5.182777643002e-02
-5.178919706988e-02
-5.175066090520e-02
-5.171216787160e-02
-5.167371790484e-02
-5.163531094075e-02
-5.159694691532e-02
-5.155862576463e-02
-5.152034742490e-02
-5.148211183246e-02
-5.144391892374e-02
-5.140576863531e-02
-5.136766090385e-02
-5.132959566614e-02
-5.129157285910e-02
-5.125359241976e-02
-5.121565428525e-02
-5.117775839283e-02
-5.113990467987e-02
-5.110209308386e-02
-5.106432354239e-02
-5.102659599319e-02
-5.098891037408e-02
-5.095126662300e-02
-5.091366467802e-02
-5.087610447729e-02
-5.083858595911e-02
-5.080110906187e-02
-5.076367372407e-02
-5.072627988434e-02
-5.068892748142e-02
-5.065161645413e-02
-5.061434674145e-02
-5.057711828244e-02
-5.053993101628e-02
-5.050278488225e-02
-5.046567981976e-02
-5.042861576833e-02
-5.039159266756e-02
-5.035461045720e-02
-5.031766907708e-02
-5.028076846716e-02
-5.024390856750e-02
-5.020708931825e-02
-5.017031065971e-02
-5.013357253226e-02
-5.009687487640e-02
-5.006021763272e-02
-5.002360074194e-02
-4.998702414488e-02
-4.995048778246e-02
-4.991399159572e-02
-4.987753552580e-02
-4.984111951395e-02
-4.980474350151e-02
-4.976840742996e-02
-4.973211124085e-02
-4.969585487586e-02
-4.965963827677e-02
-4.962346138546e-02
-4.958732414392e-02
-4.955122649425e-02
-4.951516837863e-02
-4.947914973939e-02
-4.944317051891e-02
-4.940723065972e-02
-4.937133010443e-02
-4.933546879576e-02
-4.929964667653e-02
-4.926386368966e-02
-4.922811977820e-02
-4.919241488526e-02
-4.915674895409e-02
-4.912112192801e-02
-4.908553375047e-02
-4.904998436501e-02
-4.901447371528e-02
-4.897900174501e-02
-4.894356839805e-02
-4.890817361834e-02
-4.887281734994e-02
-4.883749953700e-02
-4.880222012375e-02
-4.876697905456e-02
-4.873177627386e-02
-4.869661172621e-02
-4.866148535626e-02
-4.862639710874e-02
-4.859134692852e-02
-4.855633476053e-02
-4.852136054982e-02
-4.848642424154e-02
-4.845152578091e-02
-4.841666511329e-02
-4.838184218412e-02
-4.834705693891e-02
-4.831230932332e-02
-4.827759928306e-02
-4.824292676397e-02
-4.820829171198e-02
-4.817369407309e-02
-4.813913379343e-02
-4.810461081921e-02
-4.807012509675e-02
-4.803567657244e-02
-4.800126519279e-02
-4.796689090439e-02
-4.793255365395e-02
-4.789825338824e-02
-4.786399005415e-02
-4.782976359865e-02
-4.779557396882e-02
-4.776142111182e-02
-4.772730497491e-02
-4.769322550545e-02
-4.765918265088e-02
-4.762517635874e-02
-4.759120657668e-02
-4.755727325240e-02
-4.752337633375e-02
-4.748951576863e-02
-4.745569150504e-02
-4.742190349108e-02
-4.738815167495e-02
-4.735443600493e-02
-4.732075642938e-02
-4.728711289678e-02
-4.725350535569e-02
-4.721993375474e-02
-4.718639804269e-02
-4.715289816836e-02
-4.711943408067e-02
-4.708600572863e-02
-4.705261306135e-02
-4.701925602801e-02
-4.698593457790e-02
-4.695264866039e-02
-4.691939822493e-02
-4.688618322109e-02
-4.685300359850e-02
-4.681985930688e-02
-4.678675029606e-02
-4.675367651593e-02
-4.672063791650e-02
-4.668763444784e-02
-4.665466606013e-02
-4.662173270362e-02
-4.658883432866e-02
-4.655597088568e-02
-4.652314232521e-02
-4.649034859784e-02
-4.645758965428e-02
-4.642486544531e-02
-4.639217592178e-02
-4.635952103467e-02
-4.632690073501e-02
-4.629431497392e-02
-4.626176370262e-02
-4.622924687241e-02
-4.619676443466e-02
-4.616431634086e-02
-4.613190254254e-02
-4.609952299136e-02
-4.606717763904e-02
-4.603486643738e-02
-4.600258933828e-02
-4.597034629371e-02
-4.593813725574e-02
-4.590596217652e-02
-4.587382100826e-02
-4.584171370329e-02
-4.580964021400e-02
-4.577760049287e-02
-4.574559449246e-02
-4.571362216542e-02
-4.568168346447e-02
-4.564977834243e-02
-4.561790675219e-02
-4.558606864673e-02
-4.555426397910e-02
-4.552249270244e-02
-4.549075476997e-02
-4.545905013500e-02
-4.542737875091e-02
-4.539574057117e-02
-4.536413554931e-02
-4.533256363897e-02
-4.530102479386e-02
-4.526951896776e-02
-4.523804611455e-02
-4.520660618816e-02
-4.517519914264e-02
-4.514382493209e-02
-4.511248351069e-02
-4.508117483272e-02
-4.504989885253e-02
-4.501865552453e-02
-4.498744480324e-02
-4.495626664324e-02
-4.492512099920e-02
-4.489400782585e-02
-4.486292707803e-02
-4.483187871061e-02
-4.480086267859e-02
-4.476987893702e-02
-4.473892744103e-02
-4.470800814583e-02
-4.467712100670e-02
-4.464626597902e-02
-4.461544301823e-02
-4.458465207984e-02
-4.455389311945e-02
-4.452316609273e-02
-4.449247095544e-02
-4.446180766339e-02
-4.443117617249e-02
-4.440057643872e-02
-4.437000841814e-02
-4.433947206686e-02
-4.430896734110e-02
-4.427849419713e-02
-4.424805259132e-02
-4.421764248009e-02
-4.418726381994e-02
-4.415691656747e-02
-4.412660067932e-02
-4.409631611223e-02
-4.406606282299e-02
-4.403584076849e-02
-4.400564990568e-02
-4.397549019159e-02
-4.394536158331e-02
-4.391526403803e-02
-4.388519751298e-02
-4.385516196548e-02
-4.382515735294e-02
-4.379518363282e-02
-4.376524076265e-02
-4.373532870006e-02
-4.370544740272e-02
-4.367559682839e-02
-4.364577693491e-02
-4.361598768016e-02
-4.358622902214e-02
-4.355650091888e-02
-4.352680332849e-02
-4.349713620918e-02
-4.346749951919e-02
-4.343789321687e-02
-4.340831726061e-02
-4.337877160889e-02
-4.334925622024e-02
-4.331977105329e-02
-4.329031606673e-02
-4.326089121930e-02
-4.323149646984e-02
-4.320213177723e-02
-4.317279710045e-02
-4.314349239854e-02
-4.311421763059e-02
-4.308497275579e-02
-4.305575773337e-02
-4.302657252266e-02
-4.299741708304e-02
-4.296829137395e-02
-4.293919535492e-02
-4.291012898554e-02
-4.288109222547e-02
-4.285208503443e-02
-4.282310737222e-02
-4.279415919870e-02
-4.276524047381e-02
-4.273635115754e-02
-4.270749120996e-02
-4.267866059120e-02
-4.264985926147e-02
-4.262108718103e-02
-4.259234431023e-02
-4.256363060946e-02
-4.253494603920e-02
-4.250629055998e-02
-4.247766413241e-02
-4.244906671715e-02
-4.242049827495e-02
-4.239195876661e-02
-4.236344815300e-02
-4.233496639505e-02
-4.230651345376e-02
-4.227808929021e-02
-4.224969386551e-02
-4.222132714088e-02
-4.219298907758e-02
-4.216467963693e-02
-4.213639878032e-02
-4.210814646922e-02
-4.207992266515e-02
-4.205172732970e-02
-4.202356042452e-02
-4.199542191132e-02
-4.196731175190e-02
-4.193922990809e-02
-4.191117634180e-02
-4.188315101501e-02
-4.185515388976e-02
-4.182718492814e-02
-4.179924409233e-02
-4.177133134454e-02
-4.174344664708e-02
-4.171558996228e-02
-4.168776125259e-02
-4.165996048046e-02
-4.163218760845e-02
-4.160444259916e-02
-4.157672541526e-02
-4.154903601949e-02
-4.152137437463e-02
-4.149374044354e-02
-4.146613418913e-02
-4.143855557439e-02
-4.141100456236e-02
-4.138348111614e-02
-4.135598519889e-02
-4.132851677385e-02
-4.130107580429e-02
-4.127366225356e-02
-4.124627608508e-02
-4.121891726232e-02
-4.119158574880e-02
-4.116428150812e-02
-4.113700450392e-02
-4.110975469993e-02
-4.108253205992e-02
-4.105533654771e-02
-4.102816812721e-02
-4.100102676236e-02
-4.097391241718e-02
-4.094682505575e-02
-4.091976464218e-02
-4.089273114069e-02
-4.086572451551e-02
-4.083874473096e-02
-4.081179175141e-02
-4.078486554129e-02
-4.075796606509e-02
-4.073109328734e-02
-4.070424717267e-02
-4.067742768573e-02
-4.065063479124e-02
-4.062386845399e-02
-4.059712863881e-02
-4.057041531060e-02
-4.054372843432e-02
-4.051706797498e-02
-4.049043389765e-02
-4.046382616746e-02
-4.043724474960e-02
-4.041068960930e-02
-4.038416071188e-02
-4.035765802268e-02
-4.033118150712e-02
-4.030473113068e-02
-4.027830685889e-02
-4.025190865732e-02
-4.022553649162e-02
-4.019919032750e-02
-4.017287013070e-02
-4.014657586704e-02
-4.012030750238e-02
-4.009406500266e-02
-4.006784833384e-02
-4.004165746197e-02
-4.001549235314e-02
-3.998935297349e-02
-3.996323928923e-02
-3.993715126661e-02
-3.991108887195e-02
-3.988505207162e-02
-3.985904083204e-02
-3.983305511970e-02
-3.980709490111e-02
-3.978116014288e-02
-3.975525081165e-02
-3.972936687411e-02
-3.970350829701e-02
-3.967767504717e-02
-3.965186709145e-02
-3.962608439675e-02
-3.960032693006e-02
-3.957459465838e-02
-3.954888754880e-02
-3.952320556846e-02
-3.949754868452e-02
-3.947191686424e-02
-3.944631007491e-02
-3.942072828386e-02
-3.939517145849e-02
-3.936963956626e-02
-3.934413257468e-02
-3.931865045129e-02
-3.929319316371e-02
-3.926776067959e-02
-3.924235296666e-02
-3.921696999269e-02
-3.919161172548e-02
-3.916627813292e-02
-3.914096918293e-02
-3.911568484348e-02
-3.909042508261e-02
-3.906518986839e-02
-3.903997916895e-02
-3.901479295249e-02
-3.898963118723e-02
-3.896449384146e-02
-3.893938088352e-02
-3.891429228180e-02
-3.888922800474e-02
-3.886418802083e-02
-3.883917229862e-02
-3.881418080669e-02
-3.878921351370e-02
-3.876427038834e-02
-3.873935139935e-02
-3.871445651553e-02
-3.868958570573e-02
-3.866473893884e-02
-3.863991618382e-02
-3.861511740965e-02
-3.859034258539e-02
-3.856559168013e-02
-3.854086466302e-02
-3.851616150326e-02
-3.849148217010e-02
-3.846682663282e-02
-3.844219486078e-02
-3.841758682337e-02
-3.839300249003e-02
-3.836844183026e-02
-3.834390481360e-02
-3.831939140964e-02
-3.829490158802e-02
-3.827043531843e-02
-3.824599257061e-02
-3.822157331434e-02
-3.819717751946e-02
-3.817280515585e-02
-3.814845619344e-02
-3.812413060222e-02
-3.809982835220e-02
-3.807554941347e-02
-3.805129375616e-02
-3.802706135042e-02
-3.800285216648e-02
-3.797866617461e-02
-3.795450334513e-02
-3.793036364838e-02
-3.790624705479e-02
-3.788215353482e-02
-3.785808305895e-02
-3.783403559775e-02
-3.781001112182e-02
-3.778600960180e-02
-3.776203100837e-02
-3.773807531229e-02
-3.771414248433e-02
-3.769023249533e-02
-3.766634531617e-02
-3.764248091776e-02
-3.761863927109e-02
-3.759482034717e-02
-3.757102411706e-02
-3.754725055187e-02
-3.752349962277e-02
-3.749977130094e-02
-3.747606555764e-02
-3.745238236417e-02
-3.742872169185e-02
-3.740508351207e-02
-3.738146779627e-02
-3.735787451592e-02
-3.733430364254e-02
-3.731075514769e-02
-3.728722900299e-02
-3.726372518009e-02
-3.724024365069e-02
-3.721678438654e-02
-3.719334735942e-02
-3.716993254118e-02
-3.714653990369e-02
-3.712316941888e-02
-3.709982105871e-02
-3.707649479519e-02
-3.705319060039e-02
-3.702990844641e-02
-3.700664830539e-02
-3.698341014951e-02
-3.696019395103e-02
-3.693699968220e-02
-3.691382731535e-02
-3.689067682285e-02
-3.686754817710e-02
-3.684444135056e-02
-3.682135631572e-02
-3.679829304513e-02
-3.677525151135e-02
-3.675223168701e-02
-3.672923354480e-02
-3.670625705740e-02
-3.668330219759e-02
-3.666036893816e-02
-3.663745725193e-02
-3.661456711181e-02
-3.659169849071e-02
-3.656885136160e-02
-3.654602569750e-02
-3.652322147144e-02
-3.650043865653e-02
-3.647767722591e-02
-3.645493715275e-02
-3.643221841028e-02
-3.640952097175e-02
-3.638684481048e-02
-3.636418989980e-02
-3.634155621312e-02
-3.631894372385e-02
-3.629635240547e-02
-3.627378223150e-02
-3.625123317548e-02
-3.622870521102e-02
-3.620619831175e-02
-3.618371245135e-02
-3.616124760354e-02
-3.613880374209e-02
-3.611638084078e-02
-3.609397887348e-02
-3.607159781405e-02
-3.604923763642e-02
-3.602689831456e-02
-3.600457982248e-02
-3.598228213422e-02
-3.596000522386e-02
-3.593774906553e-02
-3.591551363341e-02
-3.589329890169e-02
-3.587110484463e-02
-3.584893143652e-02
-3.582677865167e-02
-3.580464646446e-02
-3.578253484930e-02
-3.576044378062e-02
-3.573837323293e-02
-3.571632318074e-02
-3.569429359863e-02
-3.567228446119e-02
-3.565029574307e-02
-3.562832741896e-02
-3.560637946358e-02
-3.558445185169e-02
-3.556254455810e-02
-3.554065755764e-02
-3.551879082519e-02
-3.549694433568e-02
-3.547511806405e-02
-3.545331198532e-02
-3.543152607450e-02
-3.540976030668e-02
-3.538801465697e-02
-3.536628910051e-02
-3.534458361250e-02
-3.532289816816e-02
-3.530123274276e-02
-3.527958731161e-02
-3.525796185004e-02
-3.523635633343e-02
-3.521477073720e-02
-3.519320503682e-02
-3.517165920776e-02
-3.515013322556e-02
-3.512862706580e-02
-3.510714070407e-02
-3.508567411602e-02
-3.506422727734e-02
-3.504280016374e-02
-3.502139275098e-02
-3.500000501485e-02
-3.497863693118e-02
-3.495728847584e-02
-3.493595962474e-02
-3.491465035381e-02
-3.489336063904e-02
-3.487209045645e-02
-3.485083978208e-02
-3.482960859202e-02
-3.480839686240e-02
-3.478720456939e-02
-3.476603168918e-02
-3.474487819800e-02
-3.472374407214e-02
-3.470262928789e-02
-3.468153382161e-02
-3.466045764966e-02
-3.463940074848e-02
-3.461836309451e-02
-3.459734466424e-02
-3.457634543420e-02
-3.455536538095e-02
-3.453440448107e-02
-3.451346271122e-02
-3.449254004805e-02
-3.447163646826e-02
-3.445075194860e-02
-3.442988646585e-02
-3.440903999680e-02
-3.438821251831e-02
-3.436740400726e-02
-3.434661444056e-02
-3.432584379516e-02
-3.430509204805e-02
-3.428435917625e-02
-3.426364515682e-02
-3.424294996684e-02
-3.422227358345e-02
-3.420161598380e-02
-3.418097714509e-02
-3.416035704455e-02
-3.413975565944e-02
-3.411917296706e-02
-3.409860894474e-02
-3.407806356986e-02
-3.405753681982e-02
-3.403702867204e-02
-3.401653910401e-02
-3.399606809322e-02
-3.397561561721e-02
-3.395518165357e-02
-3.393476617989e-02
-3.391436917381e-02
-3.389399061301e-02
-3.387363047520e-02
-3.385328873812e-02
-3.383296537955e-02
-3.381266037728e-02
-3.379237370918e-02
-3.377210535311e-02
-3.375185528698e-02
-3.373162348873e-02
-3.371140993635e-02
-3.369121460784e-02
-3.367103748124e-02
-3.365087853463e-02
-3.363073774612e-02
-3.361061509385e-02
-3.359051055600e-02
-3.357042411076e-02
-3.355035573639e-02
-3.353030541115e-02
-3.351027311335e-02
-3.349025882133e-02
-3.347026251346e-02
-3.345028416815e-02
-3.343032376382e-02
-3.341038127895e-02
-3.339045669204e-02
-3.337054998162e-02
-3.335066112625e-02
-3.333079010454e-02
-3.331093689512e-02
-3.329110147663e-02
-3.327128382778e-02
-3.325148392730e-02
-3.323170175394e-02
-3.321193728648e-02
-3.319219050376e-02
-3.317246138462e-02
-3.315274990794e-02
-3.313305605265e-02
-3.311337979768e-02
-3.309372112202e-02
-3.307408000469e-02
-3.305445642471e-02
-3.303485036116e-02
-3.301526179315e-02
-3.299569069982e-02
-3.297613706032e-02
-3.295660085386e-02
-3.293708205966e-02
-3.291758065698e-02
-3.289809662512e-02
-3.287862994340e-02
-3.285918059116e-02
-3.283974854779e-02
-3.282033379271e-02
-3.280093630535e-02
-3.278155606520e-02
-3.276219305175e-02
-3.274284724455e-02
-3.272351862316e-02
-3.270420716718e-02
-3.268491285623e-02
-3.266563566997e-02
-3.264637558808e-02
-3.262713259029e-02
-3.260790665635e-02
-3.258869776602e-02
-3.256950589913e-02
-3.255033103550e-02
-3.253117315500e-02
-3.251203223753e-02
-3.249290826302e-02
-3.247380121143e-02
-3.245471106273e-02
-3.243563779695e-02
-3.241658139414e-02
-3.239754183436e-02
-3.237851909772e-02
-3.235951316436e-02
-3.234052401444e-02
-3.232155162815e-02
-3.230259598572e-02
-3.228365706739e-02
-3.226473485345e-02
-3.224582932420e-02
-3.222694045998e-02
-3.220806824117e-02
-3.218921264816e-02
-3.217037366136e-02
-3.215155126125e-02
-3.213274542829e-02
-3.211395614301e-02
-3.209518338594e-02
-3.207642713765e-02
-3.205768737874e-02
-3.203896408983e-02
-3.202025725158e-02
-3.200156684468e-02
-3.198289284983e-02
-3.196423524777e-02
-3.194559401928e-02
-3.192696914514e-02
-3.190836060619e-02
-3.188976838327e-02
-3.187119245727e-02
-3.185263280910e-02
-3.183408941969e-02
-3.181556227000e-02
-3.179705134103e-02
-3.177855661381e-02
-3.176007806937e-02
-3.174161568879e-02
-3.172316945319e-02
-3.170473934368e-02
-3.168632534143e-02
-3.166792742762e-02
-3.164954558348e-02
-3.163117979023e-02
-3.161283002916e-02
-3.159449628155e-02
-3.157617852873e-02
-3.155787675205e-02
-3.153959093288e-02
-3.152132105264e-02
-3.150306709276e-02
-3.148482903469e-02
-3.146660685992e-02
-3.144840054997e-02
-3.143021008637e-02
-3.141203545070e-02
-3.139387662454e-02
-3.137573358952e-02
-3.135760632728e-02
-3.133949481951e-02
-3.132139904789e-02
-3.130331899416e-02
-3.128525464008e-02
-3.126720596741e-02
-3.124917295798e-02
-3.123115559361e-02
-3.121315385616e-02
-3.119516772752e-02
-3.117719718960e-02
-3.115924222435e-02
-3.114130281372e-02
-3.112337893971e-02
-3.110547058433e-02
-3.108757772963e-02
-3.106970035767e-02
-3.105183845055e-02
-3.103399199040e-02
-3.101616095936e-02
-3.099834533960e-02
-3.098054511332e-02
-3.096276026275e-02
-3.094499077013e-02
-3.092723661775e-02
-3.090949778789e-02
-3.089177426290e-02
-3.087406602512e-02
-3.085637305693e-02
-3.083869534073e-02
-3.082103285895e-02
-3.080338559404e-02
-3.078575352850e-02
-3.076813664481e-02
-3.075053492551e-02
-3.073294835315e-02
-3.071537691032e-02
-3.069782057962e-02
-3.068027934368e-02
-3.066275318515e-02
-3.064524208672e-02
-3.062774603108e-02
-3.061026500098e-02
-3.059279897916e-02
-3.057534794841e-02
-3.055791189152e-02
-3.054049079133e-02
-3.052308463069e-02
-3.050569339248e-02
-3.048831705960e-02
-3.047095561497e-02
-3.045360904156e-02
-3.043627732234e-02
-3.041896044030e-02
-3.040165837847e-02
-3.038437111991e-02
-3.036709864768e-02
-3.034984094488e-02
-3.033259799463e-02
-3.031536978009e-02
-3.029815628442e-02
-3.028095749081e-02
-3.026377338248e-02
-3.024660394268e-02
-3.022944915467e-02
-3.021230900175e-02
-3.019518346721e-02
-3.017807253441e-02
-3.016097618671e-02
-3.014389440748e-02
-3.012682718015e-02
-3.010977448813e-02
-3.009273631489e-02
-3.007571264391e-02
-3.005870345869e-02
-3.004170874276e-02
-3.002472847966e-02
-3.000776265298e-02
-2.999081124630e-02
-2.997387424326e-02
-2.995695162748e-02
-2.994004338265e-02
-2.992314949244e-02
-2.990626994058e-02
-2.988940471080e-02
-2.987255378685e-02
-2.985571715253e-02
-2.983889479163e-02
-2.982208668799e-02
-2.980529282545e-02
-2.978851318790e-02
-2.977174775923e-02
-2.975499652335e-02
-2.973825946421e-02
-2.972153656579e-02
-2.970482781206e-02
-2.968813318703e-02
-2.967145267475e-02
-2.965478625926e-02
-2.963813392464e-02
-2.962149565500e-02
-2.960487143447e-02
-2.958826124718e-02
-2.957166507730e-02
-2.955508290903e-02
-2.953851472658e-02
-2.952196051418e-02
-2.950542025610e-02
-2.948889393660e-02
-2.947238154000e-02
-2.945588305063e-02
-2.943939845281e-02
-2.942292773093e-02
-2.940647086937e-02
-2.939002785255e-02
-2.937359866490e-02
-2.935718329088e-02
-2.934078171497e-02
-2.932439392166e-02
-2.930801989547e-02
-2.929165962096e-02
-2.927531308268e-02
-2.925898026523e-02
-2.924266115321e-02
-2.922635573125e-02
-2.921006398400e-02
-2.919378589614e-02
-2.917752145236e-02
-2.916127063739e-02
-2.914503343594e-02
-2.912880983280e-02
-2.911259981273e-02
-2.909640336053e-02
-2.908022046104e-02
-2.906405109910e-02
-2.904789525956e-02
-2.903175292733e-02
-2.901562408730e-02
-2.899950872440e-02
-2.898340682359e-02
-2.896731836984e-02
-2.895124334813e-02
-2.893518174349e-02
-2.891913354094e-02
-2.890309872554e-02
-2.888707728237e-02
-2.887106919653e-02
-2.885507445312e-02
-2.883909303730e-02
-2.882312493421e-02
-2.880717012904e-02
-2.879122860699e-02
-2.877530035328e-02
-2.875938535315e-02
-2.874348359186e-02
-2.872759505470e-02
-2.871171972696e-02
-2.869585759398e-02
-2.868000864110e-02
-2.866417285367e-02
-2.864835021709e-02
-2.863254071677e-02
-2.861674433811e-02
-2.860096106658e-02
-2.858519088764e-02
-2.856943378676e-02
-2.855368974947e-02
-2.853795876128e-02
-2.852224080774e-02
-2.850653587443e-02
-2.849084394691e-02
-2.847516501081e-02
-2.845949905174e-02
-2.844384605535e-02
-2.842820600732e-02
-2.841257889331e-02
-2.839696469905e-02
-2.838136341026e-02
-2.836577501267e-02
-2.835019949206e-02
-2.833463683421e-02
-2.831908702493e-02
-2.830355005004e-02
-2.828802589537e-02
-2.827251454681e-02
-2.825701599022e-02
-2.824153021151e-02
-2.822605719660e-02
-2.821059693143e-02
-2.819514940197e-02
-2.817971459419e-02
-2.816429249408e-02
-2.814888308768e-02
-2.813348636102e-02
-2.811810230015e-02
-2.810273089114e-02
-2.808737212011e-02
-2.807202597315e-02
-2.805669243640e-02
-2.804137149602e-02
-2.802606313817e-02
-2.801076734905e-02
-2.799548411487e-02
-2.798021342185e-02
-2.796495525624e-02
-2.794970960431e-02
-2.793447645234e-02
-2.791925578664e-02
-2.790404759353e-02
-2.788885185935e-02
-2.787366857046e-02
-2.785849771324e-02
-2.784333927409e-02
-2.782819323942e-02
-2.781305959567e-02
-2.779793832928e-02
-2.778282942675e-02
-2.776773287454e-02
-2.775264865918e-02
-2.773757676719e-02
-2.772251718512e-02
-2.770746989952e-02
-2.769243489699e-02
-2.767741216411e-02
-2.766240168752e-02
-2.764740345385e-02
-2.763241744976e-02
-2.761744366191e-02
-2.760248207701e-02
-2.758753268175e-02
-2.757259546288e-02
-2.755767040713e-02
-2.754275750127e-02
-2.752785673208e-02
-2.751296808637e-02
-2.749809155094e-02
-2.748322711265e-02
-2.746837475834e-02
-2.745353447488e-02
-2.743870624917e-02
-2.742389006810e-02
-2.740908591862e-02
-2.739429378766e-02
-2.737951366218e-02
-2.736474552917e-02
-2.734998937561e-02
-2.733524518852e-02
-2.732051295494e-02
-2.730579266191e-02
-2.729108429650e-02
-2.727638784580e-02
-2.726170329691e-02
-2.724703063694e-02
-2.723236985304e-02
-2.721772093235e-02
-2.720308386206e-02
-2.718845862935e-02
-2.717384522142e-02
-2.715924362550e-02
-2.714465382884e-02
-2.713007581868e-02
-2.711550958231e-02
-2.710095510702e-02
-2.708641238011e-02
-2.707188138892e-02
-2.705736212079e-02
-2.704285456308e-02
-2.702835870317e-02
-2.701387452846e-02
-2.699940202635e-02
-2.698494118428e-02
-2.697049198969e-02
-2.695605443005e-02
-2.694162849284e-02
-2.692721416555e-02
-2.691281143569e-02
-2.689842029081e-02
-2.688404071844e-02
-2.686967270615e-02
-2.685531624152e-02
-2.684097131215e-02
-2.682663790566e-02
-2.681231600967e-02
-2.679800561183e-02
-2.678370669981e-02
-2.676941926128e-02
-2.675514328395e-02
-2.674087875553e-02
-2.672662566375e-02
-2.671238399635e-02
-2.669815374110e-02
-2.668393488578e-02
-2.666972741818e-02
-2.665553132613e-02
-2.664134659744e-02
-2.662717321995e-02
-2.661301118155e-02
-2.659886047009e-02
-2.658472107347e-02
-2.657059297962e-02
-2.655647617644e-02
-2.654237065188e-02
-2.652827639390e-02
-2.651419339048e-02
-2.650012162961e-02
-2.648606109929e-02
-2.647201178755e-02
-2.645797368242e-02
-2.644394677196e-02
-2.642993104424e-02
-2.641592648734e-02
-2.640193308938e-02
-2.638795083846e-02
-2.637397972272e-02
-2.636001973032e-02
-2.634607084941e-02
-2.633213306818e-02
-2.631820637483e-02
-2.630429075757e-02
-2.629038620462e-02
-2.627649270424e-02
-2.626261024468e-02
-2.624873881421e-02
-2.623487840114e-02
-2.622102899376e-02
-2.620719058040e-02
-2.619336314939e-02
-2.617954668909e-02
-2.616574118788e-02
-2.615194663412e-02
-2.613816301622e-02
-2.612439032260e-02
-2.611062854169e-02
-2.609687766193e-02
-2.608313767179e-02
-2.606940855973e-02
-2.605569031426e-02
-2.604198292387e-02
-2.602828637710e-02
-2.601460066247e-02
-2.600092576855e-02
-2.598726168389e-02
-2.597360839708e-02
-2.595996589672e-02
-2.594633417142e-02
-2.593271320981e-02
-2.591910300054e-02
-2.590550353225e-02
-2.589191479363e-02
-2.587833677336e-02
-2.586476946014e-02
-2.585121284269e-02
-2.583766690975e-02
-2.582413165006e-02
-2.581060705238e-02
-2.579709310550e-02
-2.578358979820e-02
-2.577009711929e-02
-2.575661505759e-02
-2.574314360193e-02
-2.572968274118e-02
-2.571623246419e-02
-2.570279275985e-02
-2.568936361704e-02
-2.567594502468e-02
-2.566253697170e-02
-2.564913944703e-02
-2.563575243962e-02
-2.562237593844e-02
-2.560900993248e-02
-2.559565441073e-02
-2.558230936220e-02
-2.556897477592e-02
-2.555565064092e-02
-2.554233694627e-02
-2.552903368103e-02
-2.551574083428e-02
-2.550245839511e-02
-2.548918635266e-02
-2.547592469603e-02
-2.546267341436e-02
-2.544943249682e-02
-2.543620193257e-02
-2.542298171079e-02
-2.540977182068e-02
-2.539657225146e-02
-2.538338299233e-02
-2.537020403256e-02
-2.535703536138e-02
-2.534387696806e-02
-2.533072884189e-02
-2.531759097217e-02
-2.530446334819e-02
-2.529134595929e-02
-2.527823879480e-02
-2.526514184407e-02
-2.525205509647e-02
-2.523897854137e-02
-2.522591216818e-02
-2.521285596628e-02
-2.519980992512e-02
-2.518677403411e-02
-2.517374828270e-02
-2.516073266037e-02
-2.514772715658e-02
-2.513473176082e-02
-2.512174646260e-02
-2.510877125142e-02
-2.509580611683e-02
-2.508285104836e-02
-2.506990603558e-02
-2.505697106804e-02
-2.504404613535e-02
-2.503113122708e-02
-2.501822633286e-02
-2.500533144231e-02
-2.499244654507e-02
-2.497957163079e-02
-2.496670668913e-02
-2.495385170978e-02
-2.494100668242e-02
-2.492817159676e-02
-2.491534644252e-02
-2.490253120943e-02
-2.488972588723e-02
-2.487693046569e-02
-2.486414493457e-02
-2.485136928366e-02
-2.483860350276e-02
-2.482584758168e-02
-2.481310151024e-02
-2.480036527829e-02
-2.478763887566e-02
-2.477492229223e-02
-2.476221551787e-02
-2.474951854248e-02
-2.473683135595e-02
-2.472415394820e-02
-2.471148630916e-02
-2.469882842877e-02
-2.468618029700e-02
-2.467354190379e-02
-2.466091323914e-02
-2.464829429305e-02
-2.463568505551e-02
-2.462308551654e-02
-2.461049566618e-02
-2.459791549448e-02
-2.458534499149e-02
-2.457278414728e-02
-2.456023295193e-02
-2.454769139555e-02
-2.453515946824e-02
-2.452263716012e-02
-2.451012446133e-02
-2.449762136202e-02
-2.448512785234e-02
-2.447264392246e-02
-2.446016956258e-02
-2.444770476288e-02
-2.443524951359e-02
-2.442280380492e-02
-2.441036762710e-02
-2.439794097039e-02
-2.438552382505e-02
-2.437311618134e-02
-2.436071802955e-02
-2.434832935999e-02
-2.433595016296e-02
-2.432358042878e-02
-2.431122014779e-02
-2.429886931033e-02
-2.428652790677e-02
-2.427419592748e-02
-2.426187336283e-02
-2.424956020324e-02
-2.423725643910e-02
-2.422496206083e-02
-2.421267705888e-02
-2.420040142368e-02
-2.418813514570e-02
-2.417587821540e-02
-2.416363062326e-02
-2.415139235978e-02
-2.413916341547e-02
-2.412694378084e-02
-2.411473344642e-02
-2.410253240276e-02
-2.409034064041e-02
-2.407815814994e-02
-2.406598492192e-02
-2.405382094695e-02
-2.404166621562e-02
-2.402952071856e-02
-2.401738444639e-02
-2.400525738975e-02
-2.399313953928e-02
-2.398103088565e-02
-2.396893141954e-02
-2.395684113162e-02
-2.394476001260e-02
-2.393268805319e-02
-2.392062524410e-02
-2.390857157607e-02
-2.389652703985e-02
-2.388449162619e-02
-2.387246532586e-02
-2.386044812963e-02
-2.384844002831e-02
-2.383644101269e-02
-2.382445107359e-02
-2.381247020183e-02
-2.380049838825e-02
-2.378853562371e-02
-2.377658189906e-02
-2.376463720518e-02
-2.375270153295e-02
-2.374077487326e-02
-2.372885721703e-02
-2.371694855517e-02
-2.370504887861e-02
-2.369315817830e-02
-2.368127644518e-02
-2.366940367023e-02
-2.365753984441e-02
-2.364568495872e-02
-2.363383900416e-02
-2.362200197173e-02
-2.361017385245e-02
-2.359835463737e-02
-2.358654431751e-02
-2.357474288394e-02
-2.356295032773e-02
-2.355116663995e-02
-2.353939181169e-02
-2.352762583405e-02
-2.351586869815e-02
-2.350412039510e-02
-2.349238091604e-02
-2.348065025211e-02
-2.346892839448e-02
-2.345721533430e-02
-2.344551106275e-02
-2.343381557104e-02
-2.342212885034e-02
-2.341045089189e-02
-2.339878168689e-02
-2.338712122659e-02
-2.337546950222e-02
-2.336382650504e-02
-2.335219222633e-02
-2.334056665735e-02
-2.332894978939e-02
-2.331734161376e-02
-2.330574212177e-02
-2.329415130472e-02
-2.328256915397e-02
-2.327099566084e-02
-2.325943081670e-02
-2.324787461290e-02
-2.323632704083e-02
-2.322478809186e-02
-2.321325775740e-02
-2.320173602885e-02
-2.319022289763e-02
-2.317871835517e-02
-2.316722239291e-02
-2.315573500230e-02
-2.314425617480e-02
-2.313278590187e-02
-2.312132417502e-02
-2.310987098572e-02
-2.309842632547e-02
-2.308699018581e-02
-2.307556255824e-02
-2.306414343430e-02
-2.305273280554e-02
-2.304133066352e-02
-2.302993699980e-02
-2.301855180596e-02
-2.300717507359e-02
-2.299580679428e-02
-2.298444695964e-02
-2.297309556130e-02
-2.296175259088e-02
-2.295041804002e-02
-2.293909190037e-02
-2.292777416360e-02
-2.291646482136e-02
-2.290516386536e-02
-2.289387128727e-02
-2.288258707880e-02
-2.287131123166e-02
-2.286004373757e-02
-2.284878458827e-02
-2.283753377549e-02
-2.282629129100e-02
-2.281505712655e-02
-2.280383127392e-02
