-9.904945804053e-01
-9.904915067086e-01
-9.904863838903e-01
-9.904792119652e-01
-9.904699909534e-01
-9.904587208811e-01
-9.904454017802e-01
-9.904300336887e-01
-9.904126166499e-01
-9.903931507133e-01
-9.903716359341e-01
-9.903480723734e-01
-9.903224600980e-01
-9.902947991805e-01
-9.902650896996e-01
-9.902333317394e-01
-9.901995253903e-01
-9.901636707482e-01
-9.901257679149e-01
-9.900858169982e-01
-9.900438181116e-01
-9.899997713745e-01
-9.899536769122e-01
-9.899055348557e-01
-9.898553453422e-01
-9.898031085144e-01
-9.897488245212e-01
-9.896924935171e-01
-9.896341156626e-01
-9.895736911243e-01
-9.895112200745e-01
-9.894467026913e-01
-9.893801391591e-01
-9.893115296677e-01
-9.892408744134e-01
-9.891681735980e-01
-9.890934274296e-01
-9.890166361219e-01
-9.889377998948e-01
-9.888569189741e-01
-9.887739935917e-01
-9.886890239854e-01
-9.886020103989e-01
-9.885129530820e-01
-9.884218522907e-01
-9.883287082867e-01
-9.882335213381e-01
-9.881362917187e-01
-9.880370197086e-01
-9.879357055939e-01
-9.878323496668e-01
-9.877269522256e-01
-9.876195135747e-01
-9.875100340246e-01
-9.873985138919e-01
-9.872849534996e-01
-9.871693531764e-01
-9.870517132576e-01
-9.869320340845e-01
-9.868103160046e-01
-9.866865593716e-01
-9.865607645455e-01
-9.864329318924e-01
-9.863030617848e-01
-9.861711546015e-01
-9.860372107273e-01
-9.859012305536e-01
-9.857632144781e-01
-9.856231629045e-01
-9.854810762432e-01
-9.853369549109e-01
-9.851907993305e-01
-9.850426099315e-01
-9.848923871495e-01
-9.847401314270e-01
-9.845858432125e-01
-9.844295229612e-01
-9.842711711347e-01
-9.841107882010e-01
-9.839483746349e-01
-9.837839309174e-01
-9.836174575363e-01
-9.834489549858e-01
-9.832784237667e-01
-9.831058643866e-01
-9.829312773594e-01
-9.827546632059e-01
-9.825760224534e-01
-9.823953556361e-01
-9.822126632948e-01
-9.820279459768e-01
-9.818412042364e-01
-9.816524386346e-01
-9.814616497393e-01
-9.812688381250e-01
-9.810740043731e-01
-9.808771490719e-01
-9.806782728165e-01
-9.804773762090e-01
-9.802744598584e-01
-9.800695243804e-01
-9.798625703981e-01
-9.796535985412e-01
-9.794426094466e-01
-9.792296037582e-01
-9.790145821269e-01
-9.787975452107e-01
-9.785784936747e-01
-9.783574281913e-01
-9.781343494398e-01
-9.779092581068e-01
-9.776821548861e-01
-9.774530404788e-01
-9.772219155930e-01
-9.769887809443e-01
-9.767536372557e-01
-9.765164852572e-01
-9.762773256865e-01
-9.760361592884e-01
-9.757929868153e-01
-9.755478090271e-01
-9.753006266908e-01
-9.750514405814e-01
-9.748002514810e-01
-9.745470601795e-01
-9.742918674742e-01
-9.740346741702e-01
-9.737754810801e-01
-9.735142890241e-01
-9.732510988304e-01
-9.729859113344e-01
-9.727187273799e-01
-9.724495478178e-01
-9.721783735074e-01
-9.719052053155e-01
-9.716300441169e-01
-9.713528907942e-01
-9.710737462380e-01
-9.707926113469e-01
-9.705094870274e-01
-9.702243741941e-01
-9.699372737696e-01
-9.696481866847e-01
-9.693571138781e-01
-9.690640562969e-01
-9.687690148963e-01
-9.684719906396e-01
-9.681729844985e-01
-9.678719974528e-01
-9.675690304910e-01
-9.672640846095e-01
-9.669571608132e-01
-9.666482601157e-01
-9.663373835388e-01
-9.660245321127e-01
-9.657097068764e-01
-9.653929088772e-01
-9.650741391711e-01
-9.647533988227e-01
-9.644306889054e-01
-9.641060105010e-01
-9.637793647003e-01
-9.634507526027e-01
-9.631201753165e-01
-9.627876339589e-01
-9.624531296557e-01
-9.621166635419e-01
-9.617782367613e-01
-9.614378504667e-01
-9.610955058200e-01
-9.607512039920e-01
-9.604049461628e-01
-9.600567335215e-01
-9.597065672664e-01
-9.593544486050e-01
-9.590003787540e-01
-9.586443589396e-01
-9.582863903970e-01
-9.579264743711e-01
-9.575646121159e-01
-9.572008048950e-01
-9.568350539815e-01
-9.564673606579e-01
-9.560977262165e-01
-9.557261519589e-01
-9.553526391964e-01
-9.549771892503e-01
-9.545998034512e-01
-9.542204831397e-01
-9.538392296661e-01
-9.534560443906e-01
-9.530709286833e-01
-9.526838839241e-01
-9.522949115031e-01
-9.519040128201e-01
-9.515111892852e-01
-9.511164423184e-01
-9.507197733501e-01
-9.503211838205e-01
-9.499206751804e-01
-9.495182488906e-01
-9.491139064223e-01
-9.487076492570e-01
-9.482994788866e-01
-9.478893968135e-01
-9.474774045504e-01
-9.470635036208e-01
-9.466476955584e-01
-9.462299819079e-01
-9.458103642242e-01
-9.453888440733e-01
-9.449654230318e-01
-9.445401026868e-01
-9.441128846368e-01
-9.436837704905e-01
-9.432527618681e-01
-9.428198604003e-01
-9.423850677292e-01
-9.419483855075e-01
-9.415098153995e-01
-9.410693590802e-01
-9.406270182360e-01
-9.401827945644e-01
-9.397366897744e-01
-9.392887055860e-01
-9.388388437309e-01
-9.383871059519e-01
-9.379334940034e-01
-9.374780096514e-01
-9.370206546732e-01
-9.365614308579e-01
-9.361003400061e-01
-9.356373839303e-01
-9.351725644544e-01
-9.347058834144e-01
-9.342373426579e-01
-9.337669440444e-01
-9.332946894455e-01
-9.328205807446e-01
-9.323446198371e-01
-9.318668086305e-01
-9.313871490445e-01
-9.309056430107e-01
-9.304222924732e-01
-9.299370993882e-01
-9.294500657241e-01
-9.289611934618e-01
-9.284704845946e-01
-9.279779411281e-01
-9.274835650804e-01
-9.269873584822e-01
-9.264893233769e-01
-9.259894618202e-01
-9.254877758807e-01
-9.249842676398e-01
-9.244789391914e-01
-9.239717926425e-01
-9.234628301127e-01
-9.229520537348e-01
-9.224394656543e-01
-9.219250680299e-01
-9.214088630331e-01
-9.208908528489e-01
-9.203710396751e-01
-9.198494257228e-01
-9.193260132165e-01
-9.188008043938e-01
-9.182738015058e-01
-9.177450068168e-01
-9.172144226047e-01
-9.166820511608e-01
-9.161478947901e-01
-9.156119558109e-01
-9.150742365554e-01
-9.145347393693e-01
-9.139934666122e-01
-9.134504206573e-01
-9.129056038917e-01
-9.123590187164e-01
-9.118106675462e-01
-9.112605528100e-01
-9.107086769507e-01
-9.101550424252e-01
-9.095996517046e-01
-9.090425072739e-01
-9.084836116327e-01
-9.079229672944e-01
-9.073605767872e-01
-9.067964426532e-01
-9.062305674492e-01
-9.056629537462e-01
-9.050936041298e-01
-9.045225212002e-01
-9.039497075721e-01
-9.033751658748e-01
-9.027988987522e-01
-9.022209088632e-01
-9.016411988812e-01
-9.010597714944e-01
-9.004766294061e-01
-8.998917753343e-01
-8.993052120119e-01
-8.987169421870e-01
-8.981269686226e-01
-8.975352940968e-01
-8.969419214029e-01
-8.963468533491e-01
-8.957500927593e-01
-8.951516424722e-01
-8.945515053421e-01
-8.939496842385e-01
-8.933461820464e-01
-8.927410016661e-01
-8.921341460135e-01
-8.915256180200e-01
-8.909154206327e-01
-8.903035568140e-01
-8.896900295422e-01
-8.890748418112e-01
-8.884579966308e-01
-8.878394970263e-01
-8.872193460391e-01
-8.865975467263e-01
-8.859741021610e-01
-8.853490154322e-01
-8.847222896449e-01
-8.840939279202e-01
-8.834639333951e-01
-8.828323092229e-01
-8.821990585730e-01
-8.815641846310e-01
-8.809276905987e-01
-8.802895796941e-01
-8.796498551516e-01
-8.790085202221e-01
-8.783655781725e-01
-8.777210322866e-01
-8.770748858643e-01
-8.764271422221e-01
-8.757778046932e-01
-8.751268766271e-01
-8.744743613901e-01
-8.738202623651e-01
-8.731645829518e-01
-8.725073265663e-01
-8.718484966418e-01
-8.711880966282e-01
-8.705261299920e-01
-8.698626002169e-01
-8.691975108033e-01
-8.685308652685e-01
-8.678626671468e-01
-8.671929199896e-01
-8.665216273651e-01
-8.658487928587e-01
-8.651744200729e-01
-8.644985126273e-01
-8.638210741585e-01
-8.631421083206e-01
-8.624616187845e-01
-8.617796092387e-01
-8.610960833887e-01
-8.604110449574e-01
-8.597244976851e-01
-8.590364453292e-01
-8.583468916648e-01
-8.576558404842e-01
-8.569632955971e-01
-8.562692608307e-01
-8.555737400297e-01
-8.548767370563e-01
-8.541782557902e-01
-8.534783001287e-01
-8.527768739866e-01
-8.520739812962e-01
-8.513696260077e-01
-8.506638120887e-01
-8.499565435244e-01
-8.492478243180e-01
-8.485376584900e-01
-8.478260500790e-01
-8.471130031409e-01
-8.463985217497e-01
-8.456826099971e-01
-8.449652719925e-01
-8.442465118631e-01
-8.435263337539e-01
-8.428047418278e-01
-8.420817402657e-01
-8.413573332659e-01
-8.406315250450e-01
-8.399043198373e-01
-8.391757218950e-01
-8.384457354882e-01
-8.377143649051e-01
-8.369816144514e-01
-8.362474884513e-01
-8.355119912464e-01
-8.347751271965e-01
-8.340369006795e-01
-8.332973160910e-01
-8.325563778447e-01
-8.318140903722e-01
-8.310704581232e-01
-8.303254855653e-01
-8.295791771840e-01
-8.288315374830e-01
-8.280825709837e-01
-8.273322822258e-01
-8.265806757666e-01
-8.258277561819e-01
-8.250735280650e-01
-8.243179960274e-01
-8.235611646986e-01
-8.228030387260e-01
-8.220436227749e-01
-8.212829215288e-01
-8.205209396889e-01
-8.197576819745e-01
-8.189931531228e-01
-8.182273578889e-01
-8.174603010458e-01
-8.166919873845e-01
-8.159224217139e-01
-8.151516088605e-01
-8.143795536692e-01
-8.136062610023e-01
-8.128317357401e-01
-8.120559827807e-01
-8.112790070402e-01
-8.105008134522e-01
-8.097214069682e-01
-8.089407925575e-01
-8.081589752071e-01
-8.073759599217e-01
-8.065917517237e-01
-8.058063556531e-01
-8.050197767677e-01
-8.042320201428e-01
-8.034430908714e-01
-8.026529940638e-01
-8.018617348481e-01
-8.010693183699e-01
-8.002757497921e-01
-7.994810342953e-01
-7.986851770772e-01
-7.978881833533e-01
-7.970900583560e-01
-7.962908073354e-01
-7.954904355586e-01
-7.946889483101e-01
-7.938863508915e-01
-7.930826486218e-01
-7.922778468368e-01
-7.914719508897e-01
-7.906649661505e-01
-7.898568980063e-01
-7.890477518612e-01
-7.882375331363e-01
-7.874262472693e-01
-7.866138997149e-01
-7.858004959446e-01
-7.849860414466e-01
-7.841705417258e-01
-7.833540023036e-01
-7.825364287182e-01
-7.817178265240e-01
-7.808982012923e-01
-7.800775586103e-01
-7.792559040821e-01
-7.784332433277e-01
-7.776095819835e-01
-7.767849257020e-01
-7.759592801520e-01
-7.751326510181e-01
-7.743050440012e-01
-7.734764648178e-01
-7.726469192006e-01
-7.718164128978e-01
-7.709849516736e-01
-7.701525413076e-01
-7.693191875953e-01
-7.684848963476e-01
-7.676496733906e-01
-7.668135245662e-01
-7.659764557315e-01
-7.651384727585e-01
-7.642995815348e-01
-7.634597879629e-01
-7.626190979602e-01
-7.617775174593e-01
-7.609350524073e-01
-7.600917087663e-01
-7.592474925130e-01
-7.584024096388e-01
-7.575564661494e-01
-7.567096680651e-01
-7.558620214205e-01
-7.550135322644e-01
-7.541642066598e-01
-7.533140506837e-01
-7.524630704272e-01
-7.516112719953e-01
-7.507586615065e-01
-7.499052450933e-01
-7.490510289018e-01
-7.481960190913e-01
-7.473402218349e-01
-7.464836433186e-01
-7.456262897419e-01
-7.447681673173e-01
-7.439092822703e-01
-7.430496408393e-01
-7.421892492754e-01
-7.413281138424e-01
-7.404662408169e-01
-7.396036364876e-01
-7.387403071558e-01
-7.378762591349e-01
-7.370114987506e-01
-7.361460323404e-01
-7.352798662539e-01
-7.344130068524e-01
-7.335454605088e-01
-7.326772336075e-01
-7.318083325447e-01
-7.309387637274e-01
-7.300685335742e-01
-7.291976485146e-01
-7.283261149889e-01
-7.274539394484e-01
-7.265811283552e-01
-7.257076881817e-01
-7.248336254109e-01
-7.239589465361e-01
-7.230836580607e-01
-7.222077664982e-01
-7.213312783720e-01
-7.204542002153e-01
-7.195765385709e-01
-7.186982999913e-01
-7.178194910381e-01
-7.169401182824e-01
-7.160601883041e-01
-7.151797076924e-01
-7.142986830450e-01
-7.134171209686e-01
-7.125350280782e-01
-7.116524109972e-01
-7.107692763574e-01
-7.098856307986e-01
-7.090014809685e-01
-7.081168335228e-01
-7.072316951247e-01
-7.063460724449e-01
-7.054599721616e-01
-7.045734009601e-01
-7.036863655327e-01
-7.027988725788e-01
-7.019109288044e-01
-7.010225409221e-01
-7.001337156509e-01
-6.992444597163e-01
-6.983547798497e-01
-6.974646827885e-01
-6.965741752759e-01
-6.956832640609e-01
-6.947919558978e-01
-6.939002575463e-01
-6.930081757712e-01
-6.921157173424e-01
-6.912228890344e-01
-6.903296976268e-01
-6.894361499032e-01
-6.885422526518e-01
-6.876480126649e-01
-6.867534367388e-01
-6.858585316737e-01
-6.849633042733e-01
-6.840677613448e-01
-6.831719096989e-01
-6.822757561491e-01
-6.813793075123e-01
-6.804825706078e-01
-6.795855522577e-01
-6.786882592865e-01
-6.777906985209e-01
-6.768928767898e-01
-6.759948009239e-01
-6.750964777558e-01
-6.741979141195e-01
-6.732991168503e-01
-6.724000927849e-01
-6.715008487609e-01
-6.706013916167e-01
-6.697017281914e-01
-6.688018653246e-01
-6.679018098560e-01
-6.670015686257e-01
-6.661011484734e-01
-6.652005562388e-01
-6.642997987610e-01
-6.633988828785e-01
-6.624978154289e-01
-6.615966032489e-01
-6.606952531739e-01
-6.597937720381e-01
-6.588921666739e-01
-6.579904439121e-01
-6.570886105814e-01
-6.561866735086e-01
-6.552846395179e-01
-6.543825154311e-01
-6.534803080674e-01
-6.525780242430e-01
-6.516756707711e-01
-6.507732544613e-01
-6.498707821203e-01
-6.489682605506e-01
-6.480656965511e-01
-6.471630969168e-01
-6.462604684382e-01
-6.453578179014e-01
-6.444551520881e-01
-6.435524777750e-01
-6.426498017339e-01
-6.417471307312e-01
-6.408444715283e-01
-6.399418308806e-01
-6.390392155381e-01
-6.381366322445e-01
-6.372340877375e-01
-6.363315887486e-01
-6.354291420025e-01
-6.345267542172e-01
-6.336244321040e-01
-6.327221823667e-01
-6.318200117022e-01
-6.309179267996e-01
-6.300159343403e-01
-6.291140409980e-01
-6.282122534381e-01
-6.273105783180e-01
-6.264090222862e-01
-6.255075919829e-01
-6.246062940394e-01
-6.237051350777e-01
-6.228041217109e-01
-6.219032605423e-01
-6.210025581660e-01
-6.201020211659e-01
-6.192016561162e-01
-6.183014695806e-01
-6.174014681126e-01
-6.165016582552e-01
-6.156020465405e-01
-6.147026394896e-01
-6.138034436126e-01
-6.129044654082e-01
-6.120057113635e-01
-6.111071879541e-01
-6.102089016435e-01
-6.093108588832e-01
-6.084130661124e-01
-6.075155297580e-01
-6.066182562340e-01
-6.057212519418e-01
-6.048245232697e-01
-6.039280765928e-01
-6.030319182728e-01
-6.021360546579e-01
-6.012404920826e-01
-6.003452368673e-01
-5.994502953186e-01
-5.985556737284e-01
-5.976613783746e-01
-5.967674155201e-01
-5.958737914132e-01
-5.949805122871e-01
-5.940875843597e-01
-5.931950138340e-01
-5.923028068969e-01
-5.914109697200e-01
-5.905195084588e-01
-5.896284292530e-01
-5.887377382259e-01
-5.878474414845e-01
-5.869575451190e-01
-5.860680552032e-01
-5.851789777939e-01
-5.842903189308e-01
-5.834020846362e-01
-5.825142809153e-01
-5.816269137557e-01
-5.807399891270e-01
-5.798535129811e-01
-5.789674912519e-01
-5.780819298550e-01
-5.771968346876e-01
-5.763122116284e-01
-5.754280665374e-01
-5.745444052558e-01
-5.736612336057e-01
-5.727785573901e-01
-5.718963823927e-01
-5.710147143777e-01
-5.701335590895e-01
-5.692529222531e-01
-5.683728095733e-01
-5.674932267349e-01
-5.666141794025e-01
-5.657356732202e-01
-5.648577138119e-01
-5.639803067805e-01
-5.631034577083e-01
-5.622271721566e-01
-5.613514556657e-01
-5.604763137544e-01
-5.596017519206e-01
-5.587277756403e-01
-5.578543903680e-01
-5.569816015366e-01
-5.561094145568e-01
-5.552378348175e-01
-5.543668676855e-01
-5.534965185049e-01
-5.526267925979e-01
-5.517576952638e-01
-5.508892317795e-01
-5.500214073987e-01
-5.491542273527e-01
-5.482876968493e-01
-5.474218210735e-01
-5.465566051868e-01
-5.456920543274e-01
-5.448281736099e-01
-5.439649681256e-01
-5.431024429415e-01
-5.422406031013e-01
-5.413794536244e-01
-5.405189995064e-01
-5.396592457184e-01
-5.388001972075e-01
-5.379418588964e-01
-5.370842356831e-01
-5.362273324412e-01
-5.353711540196e-01
-5.345157052424e-01
-5.336609909088e-01
-5.328070157930e-01
-5.319537846441e-01
-5.311013021863e-01
-5.302495731181e-01
-5.293986021132e-01
-5.285483938193e-01
-5.276989528590e-01
-5.268502838291e-01
-5.260023913008e-01
-5.251552798195e-01
-5.243089539047e-01
-5.234634180502e-01
-5.226186767235e-01
-5.217747343661e-01
-5.209315953936e-01
-5.200892641949e-01
-5.192477451331e-01
-5.184070425447e-01
-5.175671607397e-01
-5.167281040016e-01
-5.158898765876e-01
-5.150524827280e-01
-5.142159266265e-01
-5.133802124600e-01
-5.125453443788e-01
-5.117113265060e-01
-5.108781629380e-01
-5.100458577442e-01
-5.092144149669e-01
-5.083838386215e-01
-5.075541326960e-01
-5.067253011515e-01
-5.058973479218e-01
-5.050702769131e-01
-5.042440920049e-01
-5.034187970489e-01
-5.025943958695e-01
-5.017708922639e-01
-5.009482900014e-01
-5.001265928242e-01
-4.993058044468e-01
-4.984859285562e-01
-4.976669688117e-01
-4.968489288451e-01
-4.960318122604e-01
-4.952156226342e-01
-4.944003635150e-01
-4.935860384238e-01
-4.927726508540e-01
-4.919602042710e-01
-4.911487021125e-01
-4.903381477884e-01
-4.895285446807e-01
-4.887198961438e-01
-4.879122055041e-01
-4.871054760600e-01
-4.862997110824e-01
-4.854949138140e-01
-4.846910874698e-01
-4.838882352369e-01
-4.830863602746e-01
-4.822854657140e-01
-4.814855546588e-01
-4.806866301844e-01
-4.798886953385e-01
-4.790917531409e-01
-4.782958065836e-01
-4.775008586306e-01
-4.767069122182e-01
-4.759139702547e-01
-4.751220356207e-01
-4.743311111690e-01
-4.735411997244e-01
-4.727523040840e-01
-4.719644270173e-01
-4.711775712659e-01
-4.703917395436e-01
-4.696069345366e-01
-4.688231589034e-01
-4.680404152748e-01
-4.672587062540e-01
-4.664780344165e-01
-4.656984023102e-01
-4.649198124557e-01
-4.641422673457e-01
-4.633657694458e-01
-4.625903211937e-01
-4.618159250001e-01
-4.610425832480e-01
-4.602702982932e-01
-4.594990724641e-01
-4.587289080620e-01
-4.579598073607e-01
-4.571917726069e-01
-4.564248060204e-01
-4.556589097935e-01
-4.548940860916e-01
-4.541303370533e-01
-4.533676647900e-01
-4.526060713861e-01
-4.518455588994e-01
-4.510861293607e-01
-4.503277847741e-01
-4.495705271170e-01
-4.488143583401e-01
-4.480592803676e-01
-4.473052950971e-01
-4.465524043997e-01
-4.458006101202e-01
-4.450499140768e-01
-4.443003180616e-01
-4.435518238405e-01
-4.428044331530e-01
-4.420581477127e-01
-4.413129692072e-01
-4.405688992979e-01
-4.398259396204e-01
-4.390840917846e-01
-4.383433573744e-01
-4.376037379481e-01
-4.368652350385e-01
-4.361278501527e-01
-4.353915847723e-01
-4.346564403537e-01
-4.339224183276e-01
-4.331895200999e-01
-4.324577470510e-01
-4.317271005363e-01
-4.309975818862e-01
-4.302691924062e-01
-4.295419333768e-01
-4.288158060538e-01
-4.280908116685e-01
-4.273669514273e-01
-4.266442265122e-01
-4.259226380807e-01
-4.252021872661e-01
-4.244828751773e-01
-4.237647028990e-01
-4.230476714919e-01
-4.223317819927e-01
-4.216170354140e-01
-4.209034327448e-01
-4.201909749502e-01
-4.194796629719e-01
-4.187694977277e-01
-4.180604801123e-01
-4.173526109967e-01
-4.166458912288e-01
-4.159403216335e-01
-4.152359030123e-01
-4.145326361438e-01
-4.138305217839e-01
-4.131295606655e-01
-4.124297534989e-01
-4.117311009718e-01
-4.110336037494e-01
-4.103372624745e-01
-4.096420777676e-01
-4.089480502270e-01
-4.082551804290e-01
-4.075634689278e-01
-4.068729162557e-01
-4.061835229233e-01
-4.054952894194e-01
-4.048082162113e-01
-4.041223037449e-01
-4.034375524445e-01
-4.027539627134e-01
-4.020715349336e-01
-4.013902694660e-01
-4.007101666506e-01
-4.000312268066e-01
-3.993534502324e-01
-3.986768372058e-01
-3.980013879840e-01
-3.973271028040e-01
-3.966539818822e-01
-3.959820254150e-01
-3.953112335786e-01
-3.946416065294e-01
-3.939731444036e-01
-3.933058473181e-01
-3.926397153697e-01
-3.919747486359e-01
-3.913109471747e-01
-3.906483110249e-01
-3.899868402058e-01
-3.893265347179e-01
-3.886673945426e-01
-3.880094196423e-01
-3.873526099609e-01
-3.866969654235e-01
-3.860424859366e-01
-3.853891713883e-01
-3.847370216484e-01
-3.840860365687e-01
-3.834362159825e-01
-3.827875597054e-01
-3.821400675352e-01
-3.814937392517e-01
-3.808485746172e-01
-3.802045733765e-01
-3.795617352568e-01
-3.789200599684e-01
-3.782795472039e-01
-3.776401966392e-01
-3.770020079331e-01
-3.763649807277e-01
-3.757291146480e-01
-3.750944093028e-01
-3.744608642841e-01
-3.738284791677e-01
-3.731972535130e-01
-3.725671868633e-01
-3.719382787458e-01
-3.713105286719e-01
-3.706839361368e-01
-3.700585006205e-01
-3.694342215870e-01
-3.688110984850e-01
-3.681891307479e-01
-3.675683177935e-01
-3.669486590248e-01
-3.663301538297e-01
-3.657128015810e-01
-3.650966016369e-01
-3.644815533408e-01
-3.638676560215e-01
-3.632549089935e-01
-3.626433115566e-01
-3.620328629967e-01
-3.614235625854e-01
-3.608154095802e-01
-3.602084032249e-01
-3.596025427494e-01
-3.589978273698e-01
-3.583942562887e-01
-3.577918286954e-01
-3.571905437656e-01
-3.565904006618e-01
-3.559913985334e-01
-3.553935365169e-01
-3.547968137357e-01
-3.542012293005e-01
-3.536067823091e-01
-3.530134718471e-01
-3.524212969872e-01
-3.518302567901e-01
-3.512403503039e-01
-3.506515765647e-01
-3.500639345967e-01
-3.494774234119e-01
-3.488920420106e-01
-3.483077893814e-01
-3.477246645012e-01
-3.471426663355e-01
-3.465617938382e-01
-3.459820459521e-01
-3.454034216088e-01
-3.448259197286e-01
-3.442495392210e-01
-3.436742789847e-01
-3.431001379073e-01
-3.425271148660e-01
-3.419552087275e-01
-3.413844183477e-01
-3.408147425725e-01
-3.402461802373e-01
-3.396787301674e-01
-3.391123911781e-01
-3.385471620747e-01
-3.379830416527e-01
-3.374200286978e-01
-3.368581219861e-01
-3.362973202840e-01
-3.357376223486e-01
-3.351790269277e-01
-3.346215327597e-01
-3.340651385739e-01
-3.335098430905e-01
-3.329556450210e-01
-3.324025430676e-01
-3.318505359241e-01
-3.312996222754e-01
-3.307498007981e-01
-3.302010701600e-01
-3.296534290209e-01
-3.291068760319e-01
-3.285614098361e-01
-3.280170290687e-01
-3.274737323566e-01
-3.269315183190e-01
-3.263903855671e-01
-3.258503327045e-01
-3.253113583273e-01
-3.247734610237e-01
-3.242366393748e-01
-3.237008919541e-01
-3.231662173281e-01
-3.226326140559e-01
-3.221000806896e-01
-3.215686157743e-01
-3.210382178482e-01
-3.205088854427e-01
-3.199806170823e-01
-3.194534112851e-01
-3.189272665626e-01
-3.184021814197e-01
-3.178781543549e-01
-3.173551838607e-01
-3.168332684230e-01
-3.163124065219e-01
-3.157925966311e-01
-3.152738372188e-01
-3.147561267468e-01
-3.142394636716e-01
-3.137238464437e-01
-3.132092735080e-01
-3.126957433039e-01
-3.121832542653e-01
-3.116718048208e-01
-3.111613933936e-01
-3.106520184018e-01
-3.101436782580e-01
-3.096363713703e-01
-3.091300961413e-01
-3.086248509690e-01
-3.081206342464e-01
-3.076174443618e-01
-3.071152796989e-01
-3.066141386366e-01
-3.061140195495e-01
-3.056149208076e-01
-3.051168407765e-01
-3.046197778175e-01
-3.041237302879e-01
-3.036286965406e-01
-3.031346749244e-01
-3.026416637842e-01
-3.021496614610e-01
-3.016586662917e-01
-3.011686766097e-01
-3.006796907445e-01
-3.001917070219e-01
-2.997047237643e-01
-2.992187392903e-01
-2.987337519154e-01
-2.982497599513e-01
-2.977667617069e-01
-2.972847554873e-01
-2.968037395948e-01
-2.963237123286e-01
-2.958446719845e-01
-2.953666168557e-01
-2.948895452323e-01
-2.944134554015e-01
-2.939383456478e-01
-2.934642142531e-01
-2.929910594963e-01
-2.925188796540e-01
-2.920476730001e-01
-2.915774378061e-01
-2.911081723412e-01
-2.906398748719e-01
-2.901725436628e-01
-2.897061769760e-01
-2.892407730715e-01
-2.887763302072e-01
-2.883128466390e-01
-2.878503206208e-01
-2.873887504043e-01
-2.869281342398e-01
-2.864684703753e-01
-2.860097570573e-01
-2.855519925306e-01
-2.850951750381e-01
-2.846393028214e-01
-2.841843741204e-01
-2.837303871734e-01
-2.832773402175e-01
-2.828252314883e-01
-2.823740592200e-01
-2.819238216457e-01
-2.814745169970e-01
-2.810261435046e-01
-2.805786993980e-01
-2.801321829054e-01
-2.796865922543e-01
-2.792419256711e-01
-2.787981813811e-01
-2.783553576091e-01
-2.779134525788e-01
-2.774724645132e-01
-2.770323916344e-01
-2.765932321642e-01
-2.761549843234e-01
-2.757176463324e-01
-2.752812164110e-01
-2.748456927785e-01
-2.744110736538e-01
-2.739773572554e-01
-2.735445418013e-01
-2.731126255094e-01
-2.726816065971e-01
-2.722514832819e-01
-2.718222537806e-01
-2.713939163104e-01
-2.709664690881e-01
-2.705399103305e-01
-2.701142382543e-01
-2.696894510764e-01
-2.692655470138e-01
-2.688425242832e-01
-2.684203811020e-01
-2.679991156874e-01
-2.675787262569e-01
-2.671592110285e-01
-2.667405682201e-01
-2.663227960503e-01
-2.659058927378e-01
-2.654898565020e-01
-2.650746855626e-01
-2.646603781396e-01
-2.642469324540e-01
-2.638343467269e-01
-2.634226191803e-01
-2.630117480367e-01
-2.626017315192e-01
-2.621925678519e-01
-2.617842552592e-01
-2.613767919667e-01
-2.609701762005e-01
-2.605644061877e-01
-2.601594801562e-01
-2.597553963349e-01
-2.593521529536e-01
-2.589497482429e-01
-2.585481804347e-01
-2.581474477616e-01
-2.577475484576e-01
-2.573484807576e-01
-2.569502428976e-01
-2.565528331149e-01
-2.561562496478e-01
-2.557604907360e-01
-2.553655546202e-01
-2.549714395427e-01
-2.545781437468e-01
-2.541856654774e-01
-2.537940029804e-01
-2.534031545034e-01
-2.530131182953e-01
-2.526238926064e-01
-2.522354756885e-01
-2.518478657949e-01
-2.514610611804e-01
-2.510750601014e-01
-2.506898608157e-01
-2.503054615829e-01
-2.499218606640e-01
-2.495390563218e-01
-2.491570468208e-01
-2.487758304270e-01
-2.483954054083e-01
-2.480157700343e-01
-2.476369225762e-01
-2.472588613071e-01
-2.468815845020e-01
-2.465050904375e-01
-2.461293773923e-01
-2.457544436468e-01
-2.453802874833e-01
-2.450069071861e-01
-2.446343010414e-01
-2.442624673373e-01
-2.438914043639e-01
-2.435211104133e-01
-2.431515837797e-01
-2.427828227591e-01
-2.424148256499e-01
-2.420475907522e-01
-2.416811163685e-01
-2.413154008032e-01
-2.409504423629e-01
-2.405862393564e-01
-2.402227900946e-01
-2.398600928907e-01
-2.394981460598e-01
-2.391369479196e-01
-2.387764967897e-01
-2.384167909921e-01
-2.380578288512e-01
-2.376996086935e-01
-2.373421288477e-01
-2.369853876452e-01
-2.366293834192e-01
-2.362741145058e-01
-2.359195792430e-01
-2.355657759715e-01
-2.352127030341e-01
-2.348603587763e-01
-2.345087415458e-01
-2.341578496928e-01
-2.338076815701e-01
-2.334582355326e-01
-2.331095099379e-01
-2.327615031462e-01
-2.324142135201e-01
-2.320676394245e-01
-2.317217792271e-01
-2.313766312981e-01
-2.310321940100e-01
-2.306884657383e-01
-2.303454448606e-01
-2.300031297574e-01
-2.296615188117e-01
-2.293206104092e-01
-2.289804029379e-01
-2.286408947888e-01
-2.283020843553e-01
-2.279639700336e-01
-2.276265502225e-01
-2.272898233234e-01
-2.269537877406e-01
-2.266184418807e-01
-2.262837841534e-01
-2.259498129709e-01
-2.256165267481e-01
-2.252839239028e-01
-2.249520028553e-01
-2.246207620287e-01
-2.242901998491e-01
-2.239603147450e-01
-2.236311051480e-01
-2.233025694921e-01
-2.229747062145e-01
-2.226475137548e-01
-2.223209905558e-01
-2.219951350627e-01
-2.216699457239e-01
-2.213454209902e-01
-2.210215593156e-01
-2.206983591568e-01
-2.203758189732e-01
-2.200539372274e-01
-2.197327123844e-01
-2.194121429124e-01
-2.190922272824e-01
-2.187729639682e-01
-2.184543514464e-01
-2.181363881968e-01
-2.178190727016e-01
-2.175024034465e-01
-2.171863789194e-01
-2.168709976118e-01
-2.165562580176e-01
-2.162421586339e-01
-2.159286979605e-01
-2.156158745003e-01
-2.153036867591e-01
-2.149921332455e-01
-2.146812124712e-01
-2.143709229508e-01
-2.140612632017e-01
-2.137522317445e-01
-2.134438271025e-01
-2.131360478021e-01
-2.128288923725e-01
-2.125223593462e-01
-2.122164472584e-01
-2.119111546471e-01
-2.116064800537e-01
-2.113024220223e-01
-2.109989791000e-01
-2.106961498370e-01
-2.103939327862e-01
-2.100923265038e-01
-2.097913295488e-01
-2.094909404832e-01
-2.091911578722e-01
-2.088919802837e-01
-2.085934062886e-01
-2.082954344612e-01
-2.079980633782e-01
-2.077012916197e-01
-2.074051177688e-01
-2.071095404114e-01
-2.068145581364e-01
-2.065201695360e-01
-2.062263732051e-01
-2.059331677418e-01
-2.056405517469e-01
-2.053485238246e-01
-2.050570825819e-01
-2.047662266288e-01
-2.044759545783e-01
-2.041862650466e-01
-2.038971566525e-01
-2.036086280183e-01
-2.033206777690e-01
-2.030333045326e-01
-2.027465069403e-01
-2.024602836261e-01
-2.021746332272e-01
-2.018895543836e-01
-2.016050457385e-01
-2.013211059380e-01
-2.010377336313e-01
-2.007549274704e-01
-2.004726861106e-01
-2.001910082100e-01
-1.999098924296e-01
-1.996293374338e-01
-1.993493418896e-01
-1.990699044672e-01
-1.987910238397e-01
-1.985126986833e-01
-1.982349276772e-01
-1.979577095035e-01
-1.976810428473e-01
-1.974049263968e-01
-1.971293588431e-01
-1.968543388803e-01
-1.965798652055e-01
-1.963059365188e-01
-1.960325515233e-01
-1.957597089250e-01
-1.954874074330e-01
-1.952156457593e-01
-1.949444226188e-01
-1.946737367295e-01
-1.944035868124e-01
-1.941339715914e-01
-1.938648897934e-01
-1.935963401481e-01
-1.933283213885e-01
-1.930608322501e-01
-1.927938714719e-01
-1.925274377954e-01
-1.922615299654e-01
-1.919961467293e-01
-1.917312868376e-01
-1.914669490440e-01
-1.912031321047e-01
-1.909398347792e-01
-1.906770558298e-01
-1.904147940215e-01
-1.901530481227e-01
-1.898918169044e-01
-1.896310991406e-01
-1.893708936082e-01
-1.891111990870e-01
-1.888520143599e-01
-1.885933382125e-01
-1.883351694334e-01
-1.880775068140e-01
-1.878203491488e-01
-1.875636952350e-01
-1.873075438728e-01
-1.870518938653e-01
-1.867967440184e-01
-1.865420931409e-01
-1.862879400446e-01
-1.860342835441e-01
-1.857811224569e-01
-1.855284556032e-01
-1.852762818063e-01
-1.850245998922e-01
-1.847734086898e-01
-1.845227070310e-01
-1.842724937503e-01
-1.840227676853e-01
-1.837735276761e-01
-1.835247725661e-01
-1.832765012010e-01
-1.830287124298e-01
-1.827814051041e-01
-1.825345780784e-01
-1.822882302098e-01
-1.820423603586e-01
-1.817969673875e-01
-1.815520501623e-01
-1.813076075515e-01
-1.810636384263e-01
-1.808201416609e-01
-1.805771161321e-01
-1.803345607196e-01
-1.800924743058e-01
-1.798508557759e-01
-1.796097040178e-01
-1.793690179224e-01
-1.791287963830e-01
-1.788890382960e-01
-1.786497425604e-01
-1.784109080778e-01
-1.781725337529e-01
-1.779346184927e-01
-1.776971612073e-01
-1.774601608094e-01
-1.772236162143e-01
-1.769875263403e-01
-1.767518901080e-01
-1.765167064411e-01
-1.762819742658e-01
-1.760476925111e-01
-1.758138601086e-01
-1.755804759926e-01
-1.753475391002e-01
-1.751150483710e-01
-1.748830027475e-01
-1.746514011746e-01
-1.744202426001e-01
-1.741895259743e-01
-1.739592502502e-01
-1.737294143836e-01
-1.735000173326e-01
-1.732710580584e-01
-1.730425355244e-01
-1.728144486968e-01
-1.725867965446e-01
-1.723595780391e-01
-1.721327921545e-01
-1.719064378674e-01
-1.716805141571e-01
-1.714550200055e-01
-1.712299543970e-01
-1.710053163189e-01
-1.707811047605e-01
-1.705573187144e-01
-1.703339571751e-01
-1.701110191401e-01
-1.698885036094e-01
-1.696664095853e-01
-1.694447360730e-01
-1.692234820801e-01
-1.690026466166e-01
-1.687822286953e-01
-1.685622273313e-01
-1.683426415424e-01
-1.681234703488e-01
-1.679047127733e-01
-1.676863678411e-01
-1.674684345801e-01
-1.672509120204e-01
-1.670337991949e-01
-1.668170951389e-01
-1.666007988900e-01
-1.663849094885e-01
-1.661694259771e-01
-1.659543474009e-01
-1.657396728076e-01
-1.655254012473e-01
-1.653115317724e-01
-1.650980634380e-01
-1.648849953015e-01
-1.646723264227e-01
-1.644600558640e-01
-1.642481826900e-01
-1.640367059678e-01
-1.638256247670e-01
-1.636149381596e-01
-1.634046452199e-01
-1.631947450247e-01
-1.629852366531e-01
-1.627761191866e-01
-1.625673917092e-01
-1.623590533071e-01
-1.621511030690e-01
-1.619435400859e-01
-1.617363634513e-01
-1.615295722608e-01
-1.613231656126e-01
-1.611171426070e-01
-1.609115023469e-01
-1.607062439373e-01
-1.605013664858e-01
-1.602968691019e-01
-1.600927508979e-01
-1.598890109881e-01
-1.596856484892e-01
-1.594826625201e-01
-1.592800522022e-01
-1.590778166590e-01
-1.588759550164e-01
-1.586744664026e-01
-1.584733499479e-01
-1.582726047850e-01
-1.580722300488e-01
-1.578722248766e-01
-1.576725884078e-01
-1.574733197841e-01
-1.572744181495e-01
-1.570758826501e-01
-1.568777124342e-01
-1.566799066527e-01
-1.564824644582e-01
-1.562853850059e-01
-1.560886674530e-01
-1.558923109590e-01
-1.556963146855e-01
-1.555006777966e-01
-1.553053994581e-01
-1.551104788383e-01
-1.549159151077e-01
-1.547217074388e-01
-1.545278550063e-01
-1.543343569873e-01
-1.541412125607e-01
-1.539484209077e-01
-1.537559812118e-01
-1.535638926583e-01
-1.533721544351e-01
-1.531807657317e-01
-1.529897257401e-01
-1.527990336543e-01
-1.526086886704e-01
-1.524186899867e-01
-1.522290368033e-01
-1.520397283229e-01
-1.518507637499e-01
-1.516621422908e-01
-1.514738631544e-01
-1.512859255514e-01
-1.510983286946e-01
-1.509110717990e-01
-1.507241540815e-01
-1.505375747611e-01
-1.503513330588e-01
-1.501654281977e-01
-1.499798594031e-01
-1.497946259019e-01
-1.496097269236e-01
-1.494251616992e-01
-1.492409294621e-01
-1.490570294474e-01
-1.488734608925e-01
-1.486902230366e-01
-1.485073151209e-01
-1.483247363888e-01
-1.481424860855e-01
-1.479605634581e-01
-1.477789677560e-01
-1.475976982302e-01
-1.474167541340e-01
-1.472361347223e-01
-1.470558392524e-01
-1.468758669831e-01
-1.466962171755e-01
-1.465168890924e-01
-1.463378819987e-01
-1.461591951611e-01
-1.459808278484e-01
-1.458027793311e-01
-1.456250488818e-01
-1.454476357749e-01
-1.452705392868e-01
-1.450937586956e-01
-1.449172932816e-01
-1.447411423268e-01
-1.445653051151e-01
-1.443897809323e-01
-1.442145690660e-01
-1.440396688058e-01
-1.438650794432e-01
-1.436908002714e-01
-1.435168305854e-01
-1.433431696824e-01
-1.431698168611e-01
-1.429967714223e-01
-1.428240326683e-01
-1.426515999035e-01
-1.424794724342e-01
-1.423076495682e-01
-1.421361306154e-01
-1.419649148874e-01
-1.417940016976e-01
-1.416233903612e-01
-1.414530801953e-01
-1.412830705186e-01
-1.411133606518e-01
-1.409439499172e-01
-1.407748376390e-01
-1.406060231431e-01
-1.404375057573e-01
-1.402692848110e-01
-1.401013596354e-01
-1.399337295635e-01
-1.397663939300e-01
-1.395993520714e-01
-1.394326033259e-01
-1.392661470335e-01
-1.390999825359e-01
-1.389341091763e-01
-1.387685263001e-01
-1.386032332540e-01
-1.384382293865e-01
-1.382735140480e-01
-1.381090865903e-01
-1.379449463672e-01
-1.377810927341e-01
-1.376175250478e-01
-1.374542426673e-01
-1.372912449529e-01
-1.371285312666e-01
-1.369661009723e-01
-1.368039534353e-01
-1.366420880228e-01
-1.364805041034e-01
-1.363192010476e-01
-1.361581782274e-01
-1.359974350165e-01
-1.358369707901e-01
-1.356767849253e-01
-1.355168768007e-01
-1.353572457964e-01
-1.351978912942e-01
-1.350388126777e-01
-1.348800093318e-01
-1.347214806432e-01
-1.345632260003e-01
-1.344052447928e-01
-1.342475364122e-01
-1.340901002516e-01
-1.339329357056e-01
-1.337760421704e-01
-1.336194190438e-01
-1.334630657252e-01
-1.333069816155e-01
-1.331511661171e-01
-1.329956186343e-01
-1.328403385725e-01
-1.326853253389e-01
-1.325305783422e-01
-1.323760969927e-01
-1.322218807021e-01
-1.320679288838e-01
-1.319142409527e-01
-1.317608163250e-01
-1.316076544187e-01
-1.314547546532e-01
-1.313021164494e-01
-1.311497392297e-01
-1.309976224181e-01
-1.308457654401e-01
-1.306941677224e-01
-1.305428286936e-01
-1.303917477836e-01
-1.302409244237e-01
-1.300903580468e-01
-1.299400480873e-01
-1.297899939810e-01
-1.296401951651e-01
-1.294906510784e-01
-1.293413611611e-01
-1.291923248548e-01
-1.290435416027e-01
-1.288950108493e-01
-1.287467320406e-01
-1.285987046240e-01
-1.284509280484e-01
-1.283034017641e-01
-1.281561252228e-01
-1.280090978777e-01
-1.278623191832e-01
-1.277157885955e-01
-1.275695055718e-01
-1.274234695709e-01
-1.272776800532e-01
-1.271321364800e-01
-1.269868383145e-01
-1.268417850210e-01
-1.266969760653e-01
-1.265524109144e-01
-1.264080890370e-01
-1.262640099030e-01
-1.261201729835e-01
-1.259765777513e-01
-1.258332236803e-01
-1.256901102459e-01
-1.255472369249e-01
-1.254046031952e-01
-1.252622085363e-01
-1.251200524289e-01
-1.249781343552e-01
-1.248364537986e-01
-1.246950102439e-01
-1.245538031771e-01
-1.244128320857e-01
-1.242720964584e-01
-1.241315957852e-01
-1.239913295577e-01
-1.238512972684e-01
-1.237114984114e-01
-1.235719324818e-01
-1.234325989765e-01
-1.232934973931e-01
-1.231546272310e-01
-1.230159879906e-01
-1.228775791736e-01
-1.227394002831e-01
-1.226014508235e-01
-1.224637303002e-01
-1.223262382202e-01
-1.221889740915e-01
-1.220519374237e-01
-1.219151277273e-01
-1.217785445142e-01
-1.216421872976e-01
-1.215060555920e-01
-1.213701489129e-01
-1.212344667773e-01
-1.210990087032e-01
-1.209637742101e-01
-1.208287628186e-01
-1.206939740506e-01
-1.205594074289e-01
-1.204250624780e-01
-1.202909387233e-01
-1.201570356916e-01
-1.200233529107e-01
-1.198898899097e-01
-1.197566462191e-01
-1.196236213703e-01
-1.194908148961e-01
-1.193582263303e-01
-1.192258552082e-01
-1.190937010659e-01
-1.189617634411e-01
-1.188300418722e-01
-1.186985358993e-01
-1.185672450632e-01
-1.184361689062e-01
-1.183053069716e-01
-1.181746588040e-01
-1.180442239490e-01
-1.179140019534e-01
-1.177839923653e-01
-1.176541947337e-01
-1.175246086090e-01
-1.173952335425e-01
-1.172660690869e-01
-1.171371147959e-01
-1.170083702242e-01
-1.168798349279e-01
-1.167515084641e-01
-1.166233903909e-01
-1.164954802678e-01
-1.163677776552e-01
-1.162402821146e-01
-1.161129932089e-01
-1.159859105017e-01
-1.158590335579e-01
-1.157323619437e-01
-1.156058952260e-01
-1.154796329732e-01
-1.153535747545e-01
-1.152277201402e-01
-1.151020687019e-01
-1.149766200121e-01
-1.148513736445e-01
-1.147263291738e-01
-1.146014861758e-01
-1.144768442273e-01
-1.143524029062e-01
-1.142281617917e-01
-1.141041204637e-01
-1.139802785034e-01
-1.138566354929e-01
-1.137331910155e-01
-1.136099446555e-01
-1.134868959982e-01
-1.133640446300e-01
-1.132413901382e-01
-1.131189321114e-01
-1.129966701391e-01
-1.128746038118e-01
-1.127527327210e-01
-1.126310564593e-01
-1.125095746204e-01
-1.123882867988e-01
-1.122671925902e-01
-1.121462915914e-01
-1.120255833998e-01
-1.119050676144e-01
-1.117847438347e-01
-1.116646116614e-01
-1.115446706963e-01
-1.114249205420e-01
-1.113053608023e-01
-1.111859910818e-01
-1.110668109863e-01
-1.109478201223e-01
-1.108290180975e-01
-1.107104045207e-01
-1.105919790013e-01
-1.104737411499e-01
-1.103556905782e-01
-1.102378268987e-01
-1.101201497248e-01
-1.100026586711e-01
-1.098853533529e-01
-1.097682333867e-01
-1.096512983898e-01
-1.095345479805e-01
-1.094179817780e-01
-1.093015994026e-01
-1.091854004754e-01
-1.090693846185e-01
-1.089535514549e-01
-1.088379006086e-01
-1.087224317045e-01
-1.086071443684e-01
-1.084920382272e-01
-1.083771129085e-01
-1.082623680409e-01
-1.081478032540e-01
-1.080334181783e-01
-1.079192124451e-01
-1.078051856867e-01
-1.076913375364e-01
-1.075776676283e-01
-1.074641755974e-01
-1.073508610796e-01
-1.072377237118e-01
-1.071247631316e-01
-1.070119789779e-01
-1.068993708899e-01
-1.067869385083e-01
-1.066746814743e-01
-1.065625994300e-01
-1.064506920186e-01
-1.063389588841e-01
-1.062273996712e-01
-1.061160140257e-01
-1.060048015942e-01
-1.058937620241e-01
-1.057828949638e-01
-1.056722000625e-01
-1.055616769703e-01
-1.054513253380e-01
-1.053411448176e-01
-1.052311350615e-01
-1.051212957234e-01
-1.050116264575e-01
-1.049021269191e-01
-1.047927967643e-01
-1.046836356498e-01
-1.045746432336e-01
-1.044658191741e-01
-1.043571631308e-01
-1.042486747640e-01
-1.041403537347e-01
-1.040321997048e-01
-1.039242123371e-01
-1.038163912953e-01
-1.037087362436e-01
-1.036012468473e-01
-1.034939227725e-01
-1.033867636860e-01
-1.032797692556e-01
-1.031729391496e-01
-1.030662730374e-01
-1.029597705892e-01
-1.028534314757e-01
-1.027472553688e-01
-1.026412419410e-01
-1.025353908656e-01
-1.024297018167e-01
-1.023241744692e-01
-1.022188084989e-01
-1.021136035822e-01
-1.020085593965e-01
-1.019036756197e-01
-1.017989519308e-01
-1.016943880094e-01
-1.015899835358e-01
-1.014857381915e-01
-1.013816516581e-01
-1.012777236187e-01
-1.011739537565e-01
-1.010703417560e-01
-1.009668873021e-01
-1.008635900808e-01
-1.007604497785e-01
-1.006574660826e-01
-1.005546386813e-01
-1.004519672633e-01
-1.003494515183e-01
-1.002470911365e-01
-1.001448858093e-01
-1.000428352283e-01
-9.994093908621e-02
-9.983919707636e-02
-9.973760889284e-02
-9.963617423047e-02
-9.953489278482e-02
-9.943376425218e-02
-9.933278832959e-02
-9.923196471482e-02
-9.913129310635e-02
-9.903077320340e-02
-9.893040470593e-02
-9.883018731460e-02
-9.873012073080e-02
-9.863020465664e-02
-9.853043879494e-02
-9.843082284925e-02
-9.833135652383e-02
-9.823203952363e-02
-9.813287155433e-02
-9.803385232233e-02
-9.793498153469e-02
-9.783625889922e-02
-9.773768412441e-02
-9.763925691945e-02
-9.754097699424e-02
-9.744284405934e-02
-9.734485782606e-02
-9.724701800635e-02
-9.714932431288e-02
-9.705177645899e-02
-9.695437415873e-02
-9.685711712681e-02
-9.676000507864e-02
-9.666303773029e-02
-9.656621479853e-02
-9.646953600079e-02
-9.637300105519e-02
-9.627660968051e-02
-9.618036159622e-02
-9.608425652242e-02
-9.598829417992e-02
-9.589247429018e-02
-9.579679657532e-02
-9.570126075812e-02
-9.560586656203e-02
-9.551061371116e-02
-9.541550193025e-02
-9.532053094472e-02
-9.522570048065e-02
-9.513101026475e-02
-9.503646002438e-02
-9.494204948756e-02
-9.484777838296e-02
-9.475364643987e-02
-9.465965338824e-02
-9.456579895867e-02
-9.447208288237e-02
-9.437850489121e-02
-9.428506471769e-02
-9.419176209493e-02
-9.409859675671e-02
-9.400556843741e-02
-9.391267687206e-02
-9.381992179630e-02
-9.372730294641e-02
-9.363482005928e-02
-9.354247287243e-02
-9.345026112399e-02
-9.335818455273e-02
-9.326624289801e-02
-9.317443589982e-02
-9.308276329876e-02
-9.299122483603e-02
-9.289982025346e-02
-9.280854929348e-02
-9.271741169911e-02
-9.262640721401e-02
-9.253553558240e-02
-9.244479654913e-02
-9.235418985965e-02
-9.226371526000e-02
-9.217337249681e-02
-9.208316131731e-02
-9.199308146933e-02
-9.190313270129e-02
-9.181331476220e-02
-9.172362740164e-02
-9.163407036980e-02
-9.154464341746e-02
-9.145534629595e-02
-9.136617875721e-02
-9.127714055375e-02
-9.118823143868e-02
-9.109945116564e-02
-9.101079948890e-02
-9.092227616327e-02
-9.083388094414e-02
-9.074561358747e-02
-9.065747384980e-02
-9.056946148822e-02
-9.048157626041e-02
-9.039381792459e-02
-9.030618623955e-02
-9.021868096467e-02
-9.013130185984e-02
-9.004404868555e-02
-8.995692120283e-02
-8.986991917327e-02
-8.978304235900e-02
-8.969629052274e-02
-8.960966342772e-02
-8.952316083773e-02
-8.943678251713e-02
-8.935052823081e-02
-8.926439774420e-02
-8.917839082329e-02
-8.909250723459e-02
-8.900674674517e-02
-8.892110912264e-02
-8.883559413513e-02
-8.875020155132e-02
-8.866493114044e-02
-8.857978267222e-02
-8.849475591694e-02
-8.840985064541e-02
-8.832506662898e-02
-8.824040363951e-02
-8.815586144940e-02
-8.807143983155e-02
-8.798713855942e-02
-8.790295740698e-02
-8.781889614869e-02
-8.773495455959e-02
-8.765113241517e-02
-8.756742949149e-02
-8.748384556511e-02
-8.740038041308e-02
-8.731703381300e-02
-8.723380554295e-02
-8.715069538155e-02
-8.706770310789e-02
-8.698482850160e-02
-8.690207134281e-02
-8.681943141214e-02
-8.673690849072e-02
-8.665450236019e-02
-8.657221280268e-02
-8.649003960083e-02
-8.640798253776e-02
-8.632604139711e-02
-8.624421596298e-02
-8.616250602001e-02
-8.608091135330e-02
-8.599943174844e-02
-8.591806699153e-02
-8.583681686914e-02
-8.575568116834e-02
-8.567465967668e-02
-8.559375218219e-02
-8.551295847339e-02
-8.543227833928e-02
-8.535171156935e-02
-8.527125795354e-02
-8.519091728231e-02
-8.511068934657e-02
-8.503057393770e-02
-8.495057084757e-02
-8.487067986853e-02
-8.479090079338e-02
-8.471123341540e-02
-8.463167752834e-02
-8.455223292642e-02
-8.447289940433e-02
-8.439367675721e-02
-8.431456478069e-02
-8.423556327084e-02
-8.415667202419e-02
-8.407789083776e-02
-8.399921950900e-02
-8.392065783583e-02
-8.384220561662e-02
-8.376386265021e-02
-8.368562873588e-02
-8.360750367337e-02
-8.352948726288e-02
-8.345157930505e-02
-8.337377960096e-02
-8.329608795217e-02
-8.321850416065e-02
-8.314102802885e-02
-8.306365935964e-02
-8.298639795635e-02
-8.290924362275e-02
-8.283219616304e-02
-8.275525538188e-02
-8.267842108434e-02
-8.260169307596e-02
-8.252507116271e-02
-8.244855515097e-02
-8.237214484758e-02
-8.229584005982e-02
-8.221964059538e-02
-8.214354626239e-02
-8.206755686941e-02
-8.199167222544e-02
-8.191589213989e-02
-8.184021642260e-02
-8.176464488385e-02
-8.168917733433e-02
-8.161381358516e-02
-8.153855344788e-02
-8.146339673445e-02
-8.138834325725e-02
-8.131339282909e-02
-8.123854526318e-02
-8.116380037316e-02
-8.108915797308e-02
-8.101461787741e-02
-8.094017990102e-02
-8.086584385921e-02
-8.079160956768e-02
-8.071747684254e-02
-8.064344550032e-02
-8.056951535795e-02
-8.049568623276e-02
-8.042195794250e-02
-8.034833030532e-02
-8.027480313977e-02
-8.020137626481e-02
-8.012804949979e-02
-8.005482266448e-02
-7.998169557902e-02
-7.990866806399e-02
-7.983573994033e-02
-7.976291102939e-02
-7.969018115292e-02
-7.961755013306e-02
-7.954501779235e-02
-7.947258395372e-02
-7.940024844047e-02
-7.932801107633e-02
-7.925587168539e-02
-7.918383009214e-02
-7.911188612144e-02
-7.904003959858e-02
-7.896829034918e-02
-7.889663819928e-02
-7.882508297530e-02
-7.875362450403e-02
-7.868226261265e-02
-7.861099712873e-02
-7.853982788019e-02
-7.846875469535e-02
-7.839777740291e-02
-7.832689583195e-02
-7.825610981190e-02
-7.818541917259e-02
-7.811482374421e-02
-7.804432335733e-02
-7.797391784289e-02
-7.790360703220e-02
-7.783339075694e-02
-7.776326884916e-02
-7.769324114128e-02
-7.762330746607e-02
-7.755346765669e-02
-7.748372154666e-02
-7.741406896984e-02
-7.734450976049e-02
-7.727504375321e-02
-7.720567078296e-02
-7.713639068507e-02
-7.706720329523e-02
-7.699810844948e-02
-7.692910598421e-02
-7.686019573620e-02
-7.679137754256e-02
-7.672265124074e-02
-7.665401666859e-02
-7.658547366426e-02
-7.651702206630e-02
-7.644866171358e-02
-7.638039244533e-02
-7.631221410113e-02
-7.624412652092e-02
-7.617612954495e-02
-7.610822301387e-02
-7.604040676863e-02
-7.597268065056e-02
-7.590504450130e-02
-7.583749816286e-02
-7.577004147759e-02
-7.570267428816e-02
-7.563539643761e-02
-7.556820776930e-02
-7.550110812693e-02
-7.543409735455e-02
-7.536717529653e-02
-7.530034179760e-02
-7.523359670280e-02
-7.516693985753e-02
-7.510037110749e-02
-7.503389029875e-02
-7.496749727768e-02
-7.490119189101e-02
-7.483497398579e-02
-7.476884340938e-02
-7.470280000949e-02
-7.463684363416e-02
-7.457097413175e-02
-7.450519135093e-02
-7.443949514074e-02
-7.437388535049e-02
-7.430836182985e-02
-7.424292442880e-02
-7.417757299766e-02
-7.411230738703e-02
-7.404712744788e-02
-7.398203303147e-02
-7.391702398938e-02
-7.385210017352e-02
-7.378726143610e-02
-7.372250762967e-02
-7.365783860708e-02
-7.359325422149e-02
-7.352875432639e-02
-7.346433877558e-02
-7.340000742315e-02
-7.333576012354e-02
-7.327159673146e-02
-7.320751710197e-02
-7.314352109041e-02
-7.307960855243e-02
-7.301577934402e-02
-7.295203332143e-02
-7.288837034125e-02
-7.282479026036e-02
-7.276129293596e-02
-7.269787822554e-02
-7.263454598688e-02
-7.257129607811e-02
-7.250812835761e-02
-7.244504268408e-02
-7.238203891653e-02
-7.231911691427e-02
-7.225627653688e-02
-7.219351764428e-02
-7.213084009665e-02
-7.206824375448e-02
-7.200572847857e-02
-7.194329413000e-02
-7.188094057014e-02
-7.181866766066e-02
-7.175647526353e-02
-7.169436324099e-02
-7.163233145561e-02
-7.157037977021e-02
-7.150850804792e-02
-7.144671615216e-02
-7.138500394663e-02
-7.132337129532e-02
-7.126181806251e-02
-7.120034411277e-02
-7.113894931094e-02
-7.107763352217e-02
-7.101639661187e-02
-7.095523844574e-02
-7.089415888977e-02
-7.083315781023e-02
-7.077223507366e-02
-7.071139054690e-02
-7.065062409706e-02
-7.058993559151e-02
-7.052932489794e-02
-7.046879188429e-02
-7.040833641877e-02
-7.034795836988e-02
-7.028765760641e-02
-7.022743399739e-02
-7.016728741216e-02
-7.010721772031e-02
-7.004722479171e-02
-6.998730849650e-02
-6.992746870510e-02
-6.986770528819e-02
-6.980801811674e-02
-6.974840706196e-02
-6.968887199534e-02
-6.962941278866e-02
-6.957002931395e-02
-6.951072144349e-02
-6.945148904986e-02
-6.939233200588e-02
-6.933325018465e-02
-6.927424345954e-02
-6.921531170415e-02
-6.915645479238e-02
-6.909767259837e-02
-6.903896499655e-02
-6.898033186157e-02
-6.892177306837e-02
-6.886328849214e-02
-6.880487800834e-02
-6.874654149267e-02
-6.868827882110e-02
-6.863008986986e-02
-6.857197451542e-02
-6.851393263453e-02
-6.845596410418e-02
-6.839806880162e-02
-6.834024660435e-02
-6.828249739012e-02
-6.822482103695e-02
-6.816721742310e-02
-6.810968642708e-02
-6.805222792765e-02
-6.799484180383e-02
-6.793752793488e-02
-6.788028620032e-02
-6.782311647990e-02
-6.776601865365e-02
-6.770899260182e-02
-6.765203820491e-02
-6.759515534368e-02
-6.753834389911e-02
-6.748160375246e-02
-6.742493478521e-02
-6.736833687909e-02
-6.731180991607e-02
-6.725535377838e-02
-6.719896834846e-02
-6.714265350901e-02
-6.708640914299e-02
-6.703023513356e-02
-6.697413136415e-02
-6.691809771843e-02
-6.686213408028e-02
-6.680624033384e-02
-6.675041636350e-02
-6.669466205385e-02
-6.663897728975e-02
-6.658336195628e-02
-6.652781593875e-02
-6.647233912273e-02
-6.641693139398e-02
-6.636159263855e-02
-6.630632274267e-02
-6.625112159283e-02
-6.619598907576e-02
-6.614092507839e-02
-6.608592948790e-02
-6.603100219171e-02
-6.597614307746e-02
-6.592135203300e-02
-6.586662894644e-02
-6.581197370609e-02
-6.575738620051e-02
-6.570286631848e-02
-6.564841394900e-02
-6.559402898130e-02
-6.553971130482e-02
-6.548546080926e-02
-6.543127738452e-02
-6.537716092071e-02
-6.532311130820e-02
-6.526912843755e-02
-6.521521219955e-02
-6.516136248522e-02
-6.510757918580e-02
-6.505386219275e-02
-6.500021139773e-02
-6.494662669264e-02
-6.489310796960e-02
-6.483965512094e-02
-6.478626803921e-02
-6.473294661718e-02
-6.467969074783e-02
-6.462650032435e-02
-6.457337524017e-02
-6.452031538891e-02
-6.446732066442e-02
-6.441439096077e-02
-6.436152617221e-02
-6.430872619323e-02
-6.425599091855e-02
-6.420332024305e-02
-6.415071406187e-02
-6.409817227034e-02
-6.404569476400e-02
-6.399328143860e-02
-6.394093219011e-02
-6.388864691469e-02
-6.383642550874e-02
-6.378426786883e-02
-6.373217389176e-02
-6.368014347453e-02
-6.362817651436e-02
-6.357627290865e-02
-6.352443255503e-02
-6.347265535133e-02
-6.342094119557e-02
-6.336928998598e-02
-6.331770162102e-02
-6.326617599931e-02
-6.321471301970e-02
-6.316331258123e-02
-6.311197458316e-02
-6.306069892494e-02
-6.300948550620e-02
-6.295833422681e-02
-6.290724498681e-02
-6.285621768644e-02
-6.280525222617e-02
-6.275434850662e-02
-6.270350642866e-02
-6.265272589331e-02
-6.260200680181e-02
-6.255134905561e-02
-6.250075255633e-02
-6.245021720580e-02
-6.239974290603e-02
-6.234932955925e-02
-6.229897706787e-02
-6.224868533448e-02
-6.219845426189e-02
-6.214828375308e-02
-6.209817371125e-02
-6.204812403975e-02
-6.199813464217e-02
-6.194820542225e-02
-6.189833628394e-02
-6.184852713138e-02
-6.179877786890e-02
-6.174908840101e-02
-6.169945863242e-02
-6.164988846802e-02
-6.160037781289e-02
-6.155092657231e-02
-6.150153465172e-02
-6.145220195677e-02
-6.140292839329e-02
-6.135371386729e-02
-6.130455828497e-02
-6.125546155272e-02
-6.120642357711e-02
-6.115744426488e-02
-6.110852352297e-02
-6.105966125851e-02
-6.101085737879e-02
-6.096211179130e-02
-6.091342440371e-02
-6.086479512386e-02
-6.081622385978e-02
-6.076771051968e-02
-6.071925501195e-02
-6.067085724516e-02
-6.062251712806e-02
-6.057423456957e-02
-6.052600947880e-02
-6.047784176503e-02
-6.042973133773e-02
-6.038167810652e-02
-6.033368198124e-02
-6.028574287187e-02
-6.023786068858e-02
-6.019003534170e-02
-6.014226674177e-02
-6.009455479947e-02
-6.004689942567e-02
-5.999930053142e-02
-5.995175802792e-02
-5.990427182656e-02
-5.985684183892e-02
-5.980946797671e-02
-5.976215015186e-02
-5.971488827642e-02
-5.966768226266e-02
-5.962053202298e-02
-5.957343746999e-02
-5.952639851644e-02
-5.947941507525e-02
-5.943248705953e-02
-5.938561438255e-02
-5.933879695773e-02
-5.929203469868e-02
-5.924532751918e-02
-5.919867533316e-02
-5.915207805473e-02
-5.910553559815e-02
-5.905904787787e-02
-5.901261480849e-02
-5.896623630478e-02
-5.891991228167e-02
-5.887364265426e-02
-5.882742733781e-02
-5.878126624775e-02
-5.873515929968e-02
-5.868910640933e-02
-5.864310749263e-02
-5.859716246566e-02
-5.855127124466e-02
-5.850543374602e-02
-5.845964988631e-02
-5.841391958226e-02
-5.836824275074e-02
-5.832261930881e-02
-5.827704917366e-02
-5.823153226266e-02
-5.818606849333e-02
-5.814065778336e-02
-5.809530005057e-02
-5.804999521298e-02
-5.800474318873e-02
-5.795954389613e-02
-5.791439725366e-02
-5.786930317994e-02
-5.782426159375e-02
-5.777927241402e-02
-5.773433555986e-02
-5.768945095051e-02
-5.764461850536e-02
-5.759983814399e-02
-5.755510978609e-02
-5.751043335153e-02
-5.746580876034e-02
-5.742123593267e-02
-5.737671478886e-02
-5.733224524938e-02
-5.728782723486e-02
-5.724346066607e-02
-5.719914546395e-02
-5.715488154957e-02
-5.711066884418e-02
-5.706650726915e-02
-5.702239674601e-02
-5.697833719644e-02
-5.693432854228e-02
-5.689037070550e-02
-5.684646360824e-02
-5.680260717276e-02
-5.675880132150e-02
-5.671504597702e-02
-5.667134106204e-02
-5.662768649943e-02
-5.658408221219e-02
-5.654052812350e-02
-5.649702415664e-02
-5.645357023508e-02
-5.641016628240e-02
-5.636681222235e-02
-5.632350797880e-02
-5.628025347579e-02
-5.623704863749e-02
-5.619389338822e-02
-5.615078765243e-02
-5.610773135472e-02
-5.606472441985e-02
-5.602176677269e-02
-5.597885833828e-02
-5.593599904178e-02
-5.589318880851e-02
-5.585042756392e-02
-5.580771523360e-02
-5.576505174329e-02
-5.572243701886e-02
-5.567987098632e-02
-5.563735357183e-02
-5.559488470168e-02
-5.555246430230e-02
-5.551009230026e-02
-5.546776862226e-02
-5.542549319516e-02
-5.538326594593e-02
-5.534108680169e-02
-5.529895568971e-02
-5.525687253737e-02
-5.521483727221e-02
-5.517284982189e-02
-5.513091011421e-02
-5.508901807711e-02
-5.504717363867e-02
-5.500537672709e-02
-5.496362727071e-02
-5.492192519801e-02
-5.488027043759e-02
-5.483866291821e-02
-5.479710256873e-02
-5.475558931818e-02
-5.471412309568e-02
-5.467270383052e-02
-5.463133145210e-02
-5.459000588996e-02
-5.454872707378e-02
-5.450749493335e-02
-5.446630939861e-02
-5.442517039962e-02
-5.438407786657e-02
-5.434303172979e-02
-5.430203191973e-02
-5.426107836698e-02
-5.422017100224e-02
-5.417930975637e-02
-5.413849456032e-02
-5.409772534520e-02
-5.405700204224e-02
-5.401632458279e-02
-5.397569289833e-02
-5.393510692047e-02
-5.389456658094e-02
-5.385407181162e-02
-5.381362254448e-02
-5.377321871165e-02
-5.373286024536e-02
-5.369254707799e-02
-5.365227914202e-02
-5.361205637007e-02
-5.357187869489e-02
-5.353174604934e-02
-5.349165836641e-02
-5.345161557921e-02
-5.341161762099e-02
-5.337166442510e-02
-5.333175592504e-02
-5.329189205440e-02
-5.325207274691e-02
-5.321229793644e-02
-5.317256755695e-02
-5.313288154254e-02
-5.309323982743e-02
-5.305364234596e-02
-5.301408903258e-02
-5.297457982188e-02
-5.293511464856e-02
-5.289569344744e-02
-5.285631615346e-02
-5.281698270168e-02
-5.277769302728e-02
-5.273844706555e-02
-5.269924475193e-02
-5.266008602194e-02
-5.262097081125e-02
-5.258189905561e-02
-5.254287069093e-02
-5.250388565321e-02
-5.246494387857e-02
-5.242604530327e-02
-5.238718986366e-02
-5.234837749621e-02
-5.230960813752e-02
-5.227088172430e-02
-5.223219819337e-02
-5.219355748166e-02
-5.215495952625e-02
-5.211640426429e-02
-5.207789163307e-02
-5.203942156999e-02
-5.200099401256e-02
-5.196260889842e-02
-5.192426616529e-02
-5.188596575105e-02
-5.184770759365e-02
-5.180949163117e-02
-5.177131780182e-02
-5.173318604389e-02
-5.169509629581e-02
-5.165704849611e-02
-5.161904258343e-02
-5.158107849652e-02
-5.154315617425e-02
-5.150527555560e-02
-5.146743657966e-02
-5.142963918561e-02
-5.139188331278e-02
-5.135416890058e-02
-5.131649588853e-02
-5.127886421629e-02
-5.124127382359e-02
-5.120372465029e-02
-5.116621663636e-02
-5.112874972187e-02
-5.109132384701e-02
-5.105393895206e-02
-5.101659497743e-02
-5.097929186362e-02
-5.094202955125e-02
-5.090480798105e-02
-5.086762709383e-02
-5.083048683053e-02
-5.079338713221e-02
-5.075632794000e-02
-5.071930919516e-02
-5.068233083906e-02
-5.064539281315e-02
-5.060849505902e-02
-5.057163751833e-02
-5.053482013288e-02
-5.049804284455e-02
-5.046130559533e-02
-5.042460832732e-02
-5.038795098272e-02
-5.035133350383e-02
-5.031475583306e-02
-5.027821791292e-02
-5.024171968603e-02
-5.020526109510e-02
-5.016884208296e-02
-5.013246259253e-02
-5.009612256684e-02
-5.005982194900e-02
-5.002356068226e-02
-4.998733870994e-02
-4.995115597548e-02
-4.991501242240e-02
-4.987890799435e-02
-4.984284263507e-02
-4.980681628838e-02
-4.977082889822e-02
-4.973488040864e-02
-4.969897076377e-02
-4.966309990785e-02
-4.962726778520e-02
-4.959147434028e-02
-4.955571951761e-02
-4.952000326183e-02
-4.948432551767e-02
-4.944868622997e-02
-4.941308534364e-02
-4.937752280373e-02
-4.934199855535e-02
-4.930651254372e-02
-4.927106471418e-02
-4.923565501213e-02
-4.920028338310e-02
-4.916494977269e-02
-4.912965412661e-02
-4.909439639067e-02
-4.905917651077e-02
-4.902399443290e-02
-4.898885010317e-02
-4.895374346774e-02
-4.891867447293e-02
-4.888364306509e-02
-4.884864919070e-02
-4.881369279634e-02
-4.877877382867e-02
-4.874389223445e-02
-4.870904796052e-02
-4.867424095384e-02
-4.863947116144e-02
-4.860473853046e-02
-4.857004300813e-02
-4.853538454176e-02
-4.850076307878e-02
-4.846617856668e-02
-4.843163095307e-02
-4.839712018563e-02
-4.836264621216e-02
-4.832820898052e-02
-4.829380843869e-02
-4.825944453472e-02
-4.822511721677e-02
-4.819082643307e-02
-4.815657213197e-02
-4.812235426188e-02
-4.808817277131e-02
-4.805402760888e-02
-4.801991872328e-02
-4.798584606330e-02
-4.795180957781e-02
-4.791780921578e-02
-4.788384492626e-02
-4.784991665840e-02
-4.781602436143e-02
-4.778216798467e-02
-4.774834747754e-02
-4.771456278953e-02
-4.768081387024e-02
-4.764710066934e-02
-4.761342313659e-02
-4.757978122186e-02
-4.754617487507e-02
-4.751260404626e-02
-4.747906868555e-02
-4.744556874314e-02
-4.741210416931e-02
-4.737867491445e-02
-4.734528092901e-02
-4.731192216355e-02
-4.727859856870e-02
-4.724531009518e-02
-4.721205669381e-02
-4.717883831548e-02
-4.714565491116e-02
-4.711250643192e-02
-4.707939282891e-02
-4.704631405337e-02
-4.701327005661e-02
-4.698026079004e-02
-4.694728620515e-02
-4.691434625351e-02
-4.688144088678e-02
-4.684857005670e-02
-4.681573371510e-02
-4.678293181388e-02
-4.675016430504e-02
-4.671743114065e-02
-4.668473227287e-02
-4.665206765394e-02
-4.661943723619e-02
-4.658684097203e-02
-4.655427881394e-02
-4.652175071449e-02
-4.648925662634e-02
-4.645679650223e-02
-4.642437029497e-02
-4.639197795745e-02
-4.635961944267e-02
-4.632729470369e-02
-4.629500369364e-02
-4.626274636574e-02
-4.623052267331e-02
-4.619833256973e-02
-4.616617600846e-02
-4.613405294305e-02
-4.610196332713e-02
-4.606990711440e-02
-4.603788425864e-02
-4.600589471372e-02
-4.597393843359e-02
-4.594201537226e-02
-4.591012548385e-02
-4.587826872252e-02
-4.584644504256e-02
-4.581465439828e-02
-4.578289674411e-02
-4.575117203455e-02
-4.571948022416e-02
-4.568782126761e-02
-4.565619511961e-02
-4.562460173499e-02
-4.559304106861e-02
-4.556151307545e-02
-4.553001771054e-02
-4.549855492900e-02
-4.546712468603e-02
-4.543572693688e-02
-4.540436163692e-02
-4.537302874155e-02
-4.534172820629e-02
-4.531045998670e-02
-4.527922403844e-02
-4.524802031723e-02
-4.521684877887e-02
-4.518570937925e-02
-4.515460207432e-02
-4.512352682009e-02
-4.509248357269e-02
-4.506147228828e-02
-4.503049292312e-02
-4.499954543354e-02
-4.496862977593e-02
-4.493774590678e-02
-4.490689378263e-02
-4.487607336011e-02
-4.484528459591e-02
-4.481452744681e-02
-4.478380186965e-02
-4.475310782135e-02
-4.472244525889e-02
-4.469181413936e-02
-4.466121441988e-02
-4.463064605765e-02
-4.460010900998e-02
-4.456960323420e-02
-4.453912868775e-02
-4.450868532813e-02
-4.447827311291e-02
-4.444789199973e-02
-4.441754194630e-02
-4.438722291042e-02
-4.435693484995e-02
-4.432667772280e-02
-4.429645148699e-02
-4.426625610058e-02
-4.423609152171e-02
-4.420595770861e-02
-4.417585461954e-02
-4.414578221288e-02
-4.411574044703e-02
-4.408572928050e-02
-4.405574867186e-02
-4.402579857972e-02
-4.399587896281e-02
-4.396598977989e-02
-4.393613098981e-02
-4.390630255147e-02
-4.387650442387e-02
-4.384673656604e-02
-4.381699893712e-02
-4.378729149628e-02
-4.375761420279e-02
-4.372796701597e-02
-4.369834989522e-02
-4.366876279999e-02
-4.363920568982e-02
-4.360967852430e-02
-4.358018126310e-02
-4.355071386596e-02
-4.352127629267e-02
-4.349186850310e-02
-4.346249045719e-02
-4.343314211495e-02
-4.340382343643e-02
-4.337453438177e-02
-4.334527491119e-02
-4.331604498495e-02
-4.328684456338e-02
-4.325767360689e-02
-4.322853207594e-02
-4.319941993108e-02
-4.317033713290e-02
-4.314128364206e-02
-4.311225941931e-02
-4.308326442543e-02
-4.305429862130e-02
-4.302536196783e-02
-4.299645442602e-02
-4.296757595693e-02
-4.293872652169e-02
-4.290990608148e-02
-4.288111459755e-02
-4.285235203122e-02
-4.282361834387e-02
-4.279491349696e-02
-4.276623745197e-02
-4.273759017050e-02
-4.270897161418e-02
-4.268038174471e-02
-4.265182052385e-02
-4.262328791344e-02
-4.259478387536e-02
-4.256630837157e-02
-4.253786136408e-02
-4.250944281499e-02
-4.248105268643e-02
-4.245269094060e-02
-4.242435753978e-02
-4.239605244631e-02
-4.236777562256e-02
-4.233952703100e-02
-4.231130663416e-02
-4.228311439459e-02
-4.225495027496e-02
-4.222681423796e-02
-4.219870624636e-02
-4.217062626299e-02
-4.214257425073e-02
-4.211455017253e-02
-4.208655399141e-02
-4.205858567043e-02
-4.203064517273e-02
-4.200273246150e-02
-4.197484750000e-02
-4.194699025154e-02
-4.191916067949e-02
-4.189135874729e-02
-4.186358441843e-02
-4.183583765648e-02
-4.180811842504e-02
-4.178042668779e-02
-4.175276240847e-02
-4.172512555087e-02
-4.169751607884e-02
-4.166993395630e-02
-4.164237914722e-02
-4.161485161563e-02
-4.158735132562e-02
-4.155987824134e-02
-4.153243232700e-02
-4.150501354687e-02
-4.147762186527e-02
-4.145025724659e-02
-4.142291965526e-02
-4.139560905579e-02
-4.136832541274e-02
-4.134106869071e-02
-4.131383885440e-02
-4.128663586853e-02
-4.125945969788e-02
-4.123231030731e-02
-4.120518766172e-02
-4.117809172607e-02
-4.115102246538e-02
-4.112397984473e-02
-4.109696382925e-02
-4.106997438413e-02
-4.104301147462e-02
-4.101607506602e-02
-4.098916512368e-02
-4.096228161304e-02
-4.093542449955e-02
-4.090859374875e-02
-4.088178932622e-02
-4.085501119760e-02
-4.082825932859e-02
-4.080153368495e-02
-4.077483423247e-02
-4.074816093703e-02
-4.072151376453e-02
-4.069489268097e-02
-4.066829765236e-02
-4.064172864479e-02
-4.061518562440e-02
-4.058866855738e-02
-4.056217740999e-02
-4.053571214853e-02
-4.050927273935e-02
-4.048285914887e-02
-4.045647134355e-02
-4.043010928993e-02
-4.040377295457e-02
-4.037746230410e-02
-4.035117730521e-02
-4.032491792463e-02
-4.029868412916e-02
-4.027247588564e-02
-4.024629316097e-02
-4.022013592210e-02
-4.019400413604e-02
-4.016789776984e-02
-4.014181679062e-02
-4.011576116554e-02
-4.008973086182e-02
-4.006372584673e-02
-4.003774608760e-02
-4.001179155179e-02
-3.998586220673e-02
-3.995995801991e-02
-3.993407895886e-02
-3.990822499117e-02
-3.988239608447e-02
-3.985659220645e-02
-3.983081332485e-02
-3.980505940746e-02
-3.977933042213e-02
-3.975362633676e-02
-3.972794711930e-02
-3.970229273773e-02
-3.967666316012e-02
-3.965105835456e-02
-3.962547828921e-02
-3.959992293227e-02
-3.957439225199e-02
-3.954888621669e-02
-3.952340479471e-02
-3.949794795447e-02
-3.947251566441e-02
-3.944710789306e-02
-3.942172460897e-02
-3.939636578074e-02
-3.937103137703e-02
-3.934572136656e-02
-3.932043571808e-02
-3.929517440039e-02
-3.926993738237e-02
-3.924472463291e-02
-3.921953612098e-02
-3.919437181557e-02
-3.916923168575e-02
-3.914411570063e-02
-3.911902382934e-02
-3.909395604111e-02
-3.906891230519e-02
-3.904389259086e-02
-3.901889686750e-02
-3.899392510449e-02
-3.896897727128e-02
-3.894405333737e-02
-3.891915327230e-02
-3.889427704567e-02
-3.886942462713e-02
-3.884459598635e-02
-3.881979109307e-02
-3.879500991709e-02
-3.877025242824e-02
-3.874551859640e-02
-3.872080839149e-02
-3.869612178350e-02
-3.867145874244e-02
-3.864681923840e-02
-3.862220324148e-02
-3.859761072187e-02
-3.857304164976e-02
-3.854849599543e-02
-3.852397372917e-02
-3.849947482135e-02
-3.847499924236e-02
-3.845054696266e-02
-3.842611795273e-02
-3.840171218313e-02
-3.837732962443e-02
-3.835297024728e-02
-3.832863402235e-02
-3.830432092037e-02
-3.828003091212e-02
-3.825576396841e-02
-3.823152006010e-02
-3.820729915811e-02
-3.818310123340e-02
-3.815892625697e-02
-3.813477419986e-02
-3.811064503317e-02
-3.808653872804e-02
-3.806245525566e-02
-3.803839458724e-02
-3.801435669407e-02
-3.799034154747e-02
-3.796634911880e-02
-3.794237937947e-02
-3.791843230094e-02
-3.789450785470e-02
-3.787060601231e-02
-3.784672674534e-02
-3.782287002543e-02
-3.779903582426e-02
-3.777522411355e-02
-3.775143486507e-02
-3.772766805063e-02
-3.770392364207e-02
-3.768020161131e-02
-3.765650193029e-02
-3.763282457098e-02
-3.760916950542e-02
-3.758553670568e-02
-3.756192614388e-02
-3.753833779219e-02
-3.751477162280e-02
-3.749122760796e-02
-3.746770571996e-02
-3.744420593115e-02
-3.742072821389e-02
-3.739727254060e-02
-3.737383888375e-02
-3.735042721585e-02
-3.732703750944e-02
-3.730366973712e-02
-3.728032387151e-02
-3.725699988531e-02
-3.723369775121e-02
-3.721041744200e-02
-3.718715893046e-02
-3.716392218945e-02
-3.714070719186e-02
-3.711751391061e-02
-3.709434231868e-02
-3.707119238909e-02
-3.704806409488e-02
-3.702495740916e-02
-3.700187230507e-02
-3.697880875579e-02
-3.695576673453e-02
-3.693274621458e-02
-3.690974716922e-02
-3.688676957181e-02
-3.686381339574e-02
-3.684087861443e-02
-3.681796520137e-02
-3.679507313004e-02
-3.677220237402e-02
-3.674935290690e-02
-3.672652470230e-02
-3.670371773390e-02
-3.668093197542e-02
-3.665816740062e-02
-3.663542398328e-02
-3.661270169725e-02
-3.659000051641e-02
-3.656732041467e-02
-3.654466136599e-02
-3.652202334437e-02
-3.649940632384e-02
-3.647681027848e-02
-3.645423518242e-02
-3.643168100980e-02
-3.640914773483e-02
-3.638663533174e-02
-3.636414377481e-02
-3.634167303835e-02
-3.631922309672e-02
-3.629679392432e-02
-3.627438549557e-02
-3.625199778496e-02
-3.622963076699e-02
-3.620728441622e-02
-3.618495870723e-02
-3.616265361466e-02
-3.614036911317e-02
-3.611810517748e-02
-3.609586178232e-02
-3.607363890248e-02
-3.605143651279e-02
-3.602925458811e-02
-3.600709310333e-02
-3.598495203340e-02
-3.596283135330e-02
-3.594073103803e-02
-3.591865106265e-02
-3.589659140225e-02
-3.587455203196e-02
-3.585253292695e-02
-3.583053406243e-02
-3.580855541363e-02
-3.578659695585e-02
-3.576465866438e-02
-3.574274051460e-02
-3.572084248190e-02
-3.569896454170e-02
-3.567710666948e-02
-3.565526884074e-02
-3.563345103102e-02
-3.561165321591e-02
-3.558987537102e-02
-3.556811747201e-02
-3.554637949457e-02
-3.552466141442e-02
-3.550296320733e-02
-3.548128484911e-02
-3.545962631560e-02
-3.543798758266e-02
-3.541636862621e-02
-3.539476942220e-02
-3.537318994662e-02
-3.535163017548e-02
-3.533009008485e-02
-3.530856965082e-02
-3.528706884951e-02
-3.526558765710e-02
-3.524412604979e-02
-3.522268400381e-02
-3.520126149545e-02
-3.517985850100e-02
-3.515847499683e-02
-3.513711095930e-02
-3.511576636484e-02
-3.509444118990e-02
-3.507313541097e-02
-3.505184900457e-02
-3.503058194727e-02
-3.500933421565e-02
-3.498810578635e-02
-3.496689663604e-02
-3.494570674141e-02
-3.492453607921e-02
-3.490338462619e-02
-3.488225235918e-02
-3.486113925500e-02
-3.484004529054e-02
-3.481897044270e-02
-3.479791468843e-02
-3.477687800471e-02
-3.475586036856e-02
-3.473486175702e-02
-3.471388214718e-02
-3.469292151615e-02
-3.467197984110e-02
-3.465105709919e-02
-3.463015326766e-02
-3.460926832376e-02
-3.458840224478e-02
-3.456755500805e-02
-3.454672659091e-02
-3.452591697076e-02
-3.450512612503e-02
-3.448435403117e-02
-3.446360066668e-02
-3.444286600909e-02
-3.442215003594e-02
-3.440145272484e-02
-3.438077405342e-02
-3.436011399933e-02
-3.433947254027e-02
-3.431884965396e-02
-3.429824531816e-02
-3.427765951068e-02
-3.425709220933e-02
-3.423654339197e-02
-3.421601303650e-02
-3.419550112085e-02
-3.417500762296e-02
-3.415453252084e-02
-3.413407579251e-02
-3.411363741603e-02
-3.409321736947e-02
-3.407281563098e-02
-3.405243217869e-02
-3.403206699081e-02
-3.401172004555e-02
-3.399139132115e-02
-3.397108079592e-02
-3.395078844815e-02
-3.393051425621e-02
-3.391025819847e-02
-3.389002025335e-02
-3.386980039929e-02
-3.384959861477e-02
-3.382941487830e-02
-3.380924916841e-02
-3.378910146369e-02
-3.376897174274e-02
-3.374885998419e-02
-3.372876616672e-02
-3.370869026901e-02
-3.368863226981e-02
-3.366859214788e-02
-3.364856988200e-02
-3.362856545101e-02
-3.360857883376e-02
-3.358861000915e-02
-3.356865895608e-02
-3.354872565351e-02
-3.352881008042e-02
-3.350891221583e-02
-3.348903203877e-02
-3.346916952833e-02
-3.344932466360e-02
-3.342949742373e-02
-3.340968778788e-02
-3.338989573525e-02
-3.337012124506e-02
-3.335036429657e-02
-3.333062486909e-02
-3.331090294191e-02
-3.329119849440e-02
-3.327151150594e-02
-3.325184195593e-02
-3.323218982383e-02
-3.321255508909e-02
-3.319293773122e-02
-3.317333772976e-02
-3.315375506426e-02
-3.313418971432e-02
-3.311464165955e-02
-3.309511087962e-02
-3.307559735420e-02
-3.305610106301e-02
-3.303662198578e-02
-3.301716010229e-02
-3.299771539233e-02
-3.297828783574e-02
-3.295887741238e-02
-3.293948410214e-02
-3.292010788493e-02
-3.290074874070e-02
-3.288140664943e-02
-3.286208159113e-02
-3.284277354584e-02
-3.282348249361e-02
-3.280420841454e-02
-3.278495128876e-02
-3.276571109641e-02
-3.274648781769e-02
-3.272728143279e-02
-3.270809192197e-02
-3.268891926548e-02
-3.266976344362e-02
-3.265062443672e-02
-3.263150222514e-02
-3.261239678925e-02
-3.259330810946e-02
-3.257423616623e-02
-3.255518094001e-02
-3.253614241130e-02
-3.251712056063e-02
-3.249811536855e-02
-3.247912681564e-02
-3.246015488251e-02
-3.244119954981e-02
-3.242226079819e-02
-3.240333860835e-02
-3.238443296102e-02
-3.236554383694e-02
-3.234667121689e-02
-3.232781508168e-02
-3.230897541215e-02
-3.229015218915e-02
-3.227134539357e-02
-3.225255500634e-02
-3.223378100839e-02
-3.221502338070e-02
-3.219628210427e-02
-3.217755716013e-02
-3.215884852933e-02
-3.214015619295e-02
-3.212148013211e-02
-3.210282032794e-02
-3.208417676161e-02
-3.206554941431e-02
-3.204693826725e-02
-3.202834330168e-02
-3.200976449888e-02
-3.199120184014e-02
-3.197265530680e-02
-3.195412488021e-02
-3.193561054174e-02
-3.191711227280e-02
-3.189863005484e-02
-3.188016386931e-02
-3.186171369770e-02
-3.184327952152e-02
-3.182486132231e-02
-3.180645908165e-02
-3.178807278113e-02
-3.176970240236e-02
-3.175134792700e-02
-3.173300933672e-02
-3.171468661322e-02
-3.169637973822e-02
-3.167808869349e-02
-3.165981346078e-02
-3.164155402192e-02
-3.162331035874e-02
-3.160508245308e-02
-3.158687028683e-02
-3.156867384191e-02
-3.155049310025e-02
-3.153232804380e-02
-3.151417865456e-02
-3.149604491453e-02
-3.147792680576e-02
-3.145982431031e-02
-3.144173741027e-02
-3.142366608776e-02
-3.140561032491e-02
-3.138757010390e-02
-3.136954540690e-02
-3.135153621616e-02
-3.133354251389e-02
-3.131556428238e-02
-3.129760150391e-02
-3.127965416082e-02
-3.126172223543e-02
-3.124380571011e-02
-3.122590456728e-02
-3.120801878933e-02
-3.119014835872e-02
-3.117229325792e-02
-3.115445346942e-02
-3.113662897574e-02
-3.111881975943e-02
-3.110102580305e-02
-3.108324708920e-02
-3.106548360050e-02
-3.104773531959e-02
-3.103000222913e-02
-3.101228431183e-02
-3.099458155040e-02
-3.097689392759e-02
-3.095922142614e-02
-3.094156402887e-02
-3.092392171859e-02
-3.090629447812e-02
-3.088868229035e-02
-3.087108513815e-02
-3.085350300445e-02
-3.083593587217e-02
-3.081838372428e-02
-3.080084654376e-02
-3.078332431362e-02
-3.076581701691e-02
-3.074832463666e-02
-3.073084715597e-02
-3.071338455794e-02
-3.069593682570e-02
-3.067850394241e-02
-3.066108589123e-02
-3.064368265538e-02
-3.062629421807e-02
-3.060892056255e-02
-3.059156167210e-02
-3.057421753001e-02
-3.055688811960e-02
-3.053957342421e-02
-3.052227342721e-02
-3.050498811199e-02
-3.048771746196e-02
-3.047046146056e-02
-3.045322009125e-02
-3.043599333750e-02
-3.041878118283e-02
-3.040158361077e-02
-3.038440060486e-02
-3.036723214869e-02
-3.035007822585e-02
-3.033293881997e-02
-3.031581391469e-02
-3.029870349367e-02
-3.028160754061e-02
-3.026452603923e-02
-3.024745897325e-02
-3.023040632645e-02
-3.021336808259e-02
-3.019634422549e-02
-3.017933473898e-02
-3.016233960689e-02
-3.014535881312e-02
-3.012839234155e-02
-3.011144017610e-02
-3.009450230071e-02
-3.007757869935e-02
-3.006066935600e-02
-3.004377425467e-02
-3.002689337938e-02
-3.001002671420e-02
-2.999317424320e-02
-2.997633595048e-02
-2.995951182015e-02
-2.994270183635e-02
-2.992590598326e-02
-2.990912424505e-02
-2.989235660594e-02
-2.987560305016e-02
-2.985886356195e-02
-2.984213812560e-02
-2.982542672539e-02
-2.980872934565e-02
-2.979204597071e-02
-2.977537658495e-02
-2.975872117273e-02
-2.974207971847e-02
-2.972545220659e-02
-2.970883862155e-02
-2.969223894781e-02
-2.967565316986e-02
-2.965908127223e-02
-2.964252323943e-02
-2.962597905604e-02
-2.960944870662e-02
-2.959293217578e-02
-2.957642944813e-02
-2.955994050833e-02
-2.954346534103e-02
-2.952700393092e-02
-2.951055626270e-02
-2.949412232110e-02
-2.947770209087e-02
-2.946129555678e-02
-2.944490270363e-02
-2.942852351621e-02
-2.941215797937e-02
-2.939580607795e-02
-2.937946779684e-02
-2.936314312092e-02
-2.934683203512e-02
-2.933053452438e-02
-2.931425057364e-02
-2.929798016790e-02
-2.928172329214e-02
-2.926547993139e-02
-2.924925007069e-02
-2.923303369511e-02
-2.921683078972e-02
-2.920064133964e-02
-2.918446532997e-02
-2.916830274587e-02
-2.915215357250e-02
-2.913601779505e-02
-2.911989539872e-02
-2.910378636873e-02
-2.908769069034e-02
-2.907160834881e-02
-2.905553932943e-02
-2.903948361750e-02
-2.902344119836e-02
-2.900741205734e-02
-2.899139617982e-02
-2.897539355119e-02
-2.895940415685e-02
-2.894342798223e-02
-2.892746501277e-02
-2.891151523396e-02
-2.889557863127e-02
-2.887965519021e-02
-2.886374489631e-02
-2.884784773512e-02
-2.883196369220e-02
-2.881609275315e-02
-2.880023490356e-02
-2.878439012907e-02
-2.876855841533e-02
-2.875273974799e-02
-2.873693411274e-02
-2.872114149529e-02
-2.870536188137e-02
-2.868959525672e-02
-2.867384160709e-02
-2.865810091829e-02
-2.864237317610e-02
-2.862665836635e-02
-2.861095647488e-02
-2.859526748756e-02
-2.857959139026e-02
-2.856392816888e-02
-2.854827780934e-02
-2.853264029758e-02
-2.851701561955e-02
-2.850140376124e-02
-2.848580470864e-02
-2.847021844776e-02
-2.845464496463e-02
-2.843908424531e-02
-2.842353627587e-02
-2.840800104240e-02
-2.839247853101e-02
-2.837696872783e-02
-2.836147161901e-02
-2.834598719070e-02
-2.833051542910e-02
-2.831505632042e-02
-2.829960985086e-02
-2.828417600668e-02
-2.826875477413e-02
-2.825334613949e-02
-2.823795008906e-02
-2.822256660915e-02
-2.820719568611e-02
-2.819183730627e-02
-2.817649145602e-02
-2.816115812174e-02
-2.814583728984e-02
-2.813052894675e-02
-2.811523307892e-02
-2.809994967279e-02
-2.808467871487e-02
-2.806942019164e-02
-2.805417408963e-02
-2.803894039538e-02
-2.802371909543e-02
-2.800851017636e-02
-2.799331362476e-02
-2.797812942724e-02
-2.796295757043e-02
-2.794779804098e-02
-2.793265082554e-02
-2.791751591080e-02
-2.790239328346e-02
-2.788728293023e-02
-2.787218483785e-02
-2.785709899308e-02
-2.784202538268e-02
-2.782696399344e-02
-2.781191481217e-02
-2.779687782570e-02
-2.778185302086e-02
-2.776684038452e-02
-2.775183990355e-02
-2.773685156485e-02
-2.772187535534e-02
-2.770691126193e-02
-2.769195927159e-02
-2.767701937127e-02
-2.766209154796e-02
-2.764717578866e-02
-2.763227208039e-02
-2.761738041018e-02
-2.760250076508e-02
-2.758763313218e-02
-2.757277749854e-02
-2.755793385129e-02
-2.754310217753e-02
-2.752828246442e-02
-2.751347469910e-02
-2.749867886875e-02
-2.748389496057e-02
-2.746912296175e-02
-2.745436285953e-02
-2.743961464115e-02
-2.742487829387e-02
-2.741015380496e-02
-2.739544116172e-02
-2.738074035146e-02
-2.736605136150e-02
-2.735137417919e-02
-2.733670879190e-02
-2.732205518700e-02
-2.730741335188e-02
-2.729278327396e-02
-2.727816494066e-02
-2.726355833944e-02
-2.724896345775e-02
-2.723438028307e-02
-2.721980880291e-02
-2.720524900476e-02
-2.719070087617e-02
-2.717616440467e-02
-2.716163957783e-02
-2.714712638322e-02
-2.713262480845e-02
-2.711813484112e-02
-2.710365646887e-02
-2.708918967933e-02
-2.707473446017e-02
-2.706029079907e-02
-2.704585868371e-02
-2.703143810182e-02
-2.701702904111e-02
-2.700263148934e-02
-2.698824543425e-02
-2.697387086363e-02
-2.695950776526e-02
-2.694515612696e-02
-2.693081593655e-02
-2.691648718186e-02
-2.690216985076e-02
-2.688786393112e-02
-2.687356941083e-02
-2.685928627778e-02
-2.684501451991e-02
-2.683075412514e-02
-2.681650508143e-02
-2.680226737675e-02
-2.678804099909e-02
-2.677382593644e-02
-2.675962217681e-02
-2.674542970825e-02
-2.673124851880e-02
-2.671707859652e-02
-2.670291992949e-02
-2.668877250581e-02
-2.667463631359e-02
-2.666051134095e-02
-2.664639757604e-02
-2.663229500701e-02
-2.661820362204e-02
-2.660412340931e-02
-2.659005435704e-02
-2.657599645344e-02
-2.656194968675e-02
-2.654791404521e-02
-2.653388951710e-02
-2.651987609069e-02
-2.650587375429e-02
-2.649188249621e-02
-2.647790230477e-02
-2.646393316832e-02
-2.644997507522e-02
-2.643602801384e-02
-2.642209197257e-02
-2.640816693982e-02
-2.639425290400e-02
-2.638034985356e-02
-2.636645777693e-02
-2.635257666259e-02
-2.633870649903e-02
-2.632484727472e-02
-2.631099897819e-02
-2.629716159795e-02
-2.628333512256e-02
-2.626951954057e-02
-2.625571484054e-02
-2.624192101107e-02
-2.622813804075e-02
-2.621436591820e-02
-2.620060463205e-02
-2.618685417095e-02
-2.617311452355e-02
-2.615938567853e-02
-2.614566762459e-02
-2.613196035043e-02
-2.611826384475e-02
-2.610457809631e-02
-2.609090309385e-02
-2.607723882613e-02
-2.606358528194e-02
-2.604994245005e-02
-2.603631031929e-02
-2.602268887847e-02
-2.600907811643e-02
-2.599547802202e-02
-2.598188858411e-02
-2.596830979158e-02
-2.595474163332e-02
-2.594118409825e-02
-2.592763717527e-02
-2.591410085335e-02
-2.590057512141e-02
-2.588705996845e-02
-2.587355538342e-02
-2.586006135533e-02
-2.584657787320e-02
-2.583310492604e-02
-2.581964250289e-02
-2.580619059280e-02
-2.579274918485e-02
-2.577931826811e-02
-2.576589783167e-02
-2.575248786465e-02
-2.573908835618e-02
-2.572569929538e-02
-2.571232067141e-02
-2.569895247344e-02
-2.568559469064e-02
-2.567224731221e-02
-2.565891032735e-02
-2.564558372530e-02
-2.563226749528e-02
-2.561896162654e-02
-2.560566610835e-02
-2.559238092998e-02
-2.557910608073e-02
-2.556584154990e-02
-2.555258732681e-02
-2.553934340080e-02
-2.552610976120e-02
-2.551288639738e-02
-2.549967329871e-02
-2.548647045459e-02
-2.547327785440e-02
-2.546009548758e-02
-2.544692334354e-02
-2.543376141173e-02
-2.542060968160e-02
-2.540746814263e-02
-2.539433678429e-02
-2.538121559609e-02
-2.536810456753e-02
-2.535500368814e-02
-2.534191294746e-02
-2.532883233503e-02
-2.531576184042e-02
-2.530270145321e-02
-2.528965116298e-02
-2.527661095935e-02
-2.526358083193e-02
-2.525056077034e-02
-2.523755076425e-02
-2.522455080330e-02
-2.521156087716e-02
-2.519858097551e-02
-2.518561108807e-02
-2.517265120453e-02
-2.515970131462e-02
-2.514676140807e-02
-2.513383147464e-02
-2.512091150410e-02
-2.510800148621e-02
-2.509510141076e-02
-2.508221126756e-02
-2.506933104643e-02
-2.505646073719e-02
-2.504360032968e-02
-2.503074981377e-02
-2.501790917931e-02
-2.500507841618e-02
-2.499225751429e-02
-2.497944646354e-02
-2.496664525384e-02
-2.495385387513e-02
-2.494107231735e-02
-2.492830057046e-02
-2.491553862444e-02
-2.490278646926e-02
-2.489004409493e-02
-2.487731149144e-02
-2.486458864883e-02
-2.485187555713e-02
-2.483917220638e-02
-2.482647858664e-02
-2.481379468800e-02
-2.480112050052e-02
-2.478845601431e-02
-2.477580121949e-02
-2.476315610617e-02
-2.475052066448e-02
-2.473789488459e-02
-2.472527875664e-02
-2.471267227081e-02
-2.470007541729e-02
-2.468748818627e-02
-2.467491056797e-02
-2.466234255261e-02
-2.464978413042e-02
-2.463723529165e-02
-2.462469602656e-02
-2.461216632543e-02
-2.459964617854e-02
-2.458713557618e-02
-2.457463450867e-02
-2.456214296632e-02
-2.454966093948e-02
-2.453718841848e-02
-2.452472539369e-02
-2.451227185547e-02
-2.449982779422e-02
-2.448739320032e-02
-2.447496806418e-02
-2.446255237623e-02
-2.445014612688e-02
-2.443774930659e-02
-2.442536190582e-02
-2.441298391502e-02
-2.440061532468e-02
-2.438825612530e-02
-2.437590630737e-02
-2.436356586140e-02
-2.435123477794e-02
-2.433891304752e-02
-2.432660066068e-02
-2.431429760800e-02
-2.430200388004e-02
-2.428971946741e-02
-2.427744436068e-02
-2.426517855049e-02
-2.425292202744e-02
-2.424067478217e-02
-2.422843680533e-02
-2.421620808759e-02
-2.420398861960e-02
-2.419177839205e-02
-2.417957739563e-02
-2.416738562105e-02
-2.415520305902e-02
-2.414302970028e-02
-2.413086553556e-02
-2.411871055562e-02
-2.410656475121e-02
-2.409442811312e-02
-2.408230063213e-02
-2.407018229904e-02
-2.405807310465e-02
-2.404597303979e-02
-2.403388209529e-02
-2.402180026200e-02
-2.400972753077e-02
-2.399766389247e-02
-2.398560933797e-02
-2.397356385817e-02
-2.396152744397e-02
-2.394950008628e-02
-2.393748177603e-02
-2.392547250414e-02
-2.391347226157e-02
-2.390148103928e-02
-2.388949882823e-02
-2.387752561940e-02
-2.386556140379e-02
-2.385360617241e-02
-2.384165991625e-02
-2.382972262636e-02
-2.381779429377e-02
-2.380587490952e-02
-2.379396446467e-02
-2.378206295030e-02
-2.377017035749e-02
-2.375828667732e-02
-2.374641190091e-02
-2.373454601937e-02
-2.372268902382e-02
-2.371084090540e-02
-2.369900165526e-02
-2.368717126455e-02
-2.367534972446e-02
-2.366353702615e-02
-2.365173316082e-02
-2.363993811968e-02
-2.362815189393e-02
-2.361637447480e-02
-2.360460585354e-02
-2.359284602137e-02
-2.358109496957e-02
-2.356935268940e-02
-2.355761917214e-02
-2.354589440907e-02
-2.353417839151e-02
-2.352247111075e-02
-2.351077255813e-02
-2.349908272498e-02
-2.348740160264e-02
-2.347572918246e-02
-2.346406545581e-02
-2.345241041407e-02
-2.344076404863e-02
-2.342912635087e-02
-2.341749731221e-02
-2.340587692407e-02
-2.339426517787e-02
-2.338266206506e-02
-2.337106757709e-02
-2.335948170541e-02
-2.334790444150e-02
-2.333633577684e-02
-2.332477570293e-02
-2.331322421126e-02
-2.330168129336e-02
-2.329014694073e-02
-2.327862114493e-02
-2.326710389749e-02
-2.325559518996e-02
-2.324409501393e-02
-2.323260336095e-02
-2.322112022262e-02
-2.320964559054e-02
-2.319817945631e-02
-2.318672181154e-02
-2.317527264788e-02
-2.316383195695e-02
-2.315239973040e-02
-2.314097595990e-02
-2.312956063711e-02
-2.311815375371e-02
-2.310675530140e-02
-2.309536527186e-02
-2.308398365682e-02
-2.307261044798e-02
-2.306124563709e-02
-2.304988921588e-02
-2.303854117610e-02
-2.302720150952e-02
-2.301587020790e-02
-2.300454726303e-02
-2.299323266669e-02
-2.298192641069e-02
-2.297062848684e-02
-2.295933888696e-02
-2.294805760288e-02
-2.293678462645e-02
-2.292551994950e-02
-2.291426356392e-02
-2.290301546155e-02
-2.289177563430e-02
-2.288054407405e-02
-2.286932077269e-02
-2.285810572215e-02
-2.284689891433e-02
-2.283570034118e-02
-2.282450999463e-02
-2.281332786663e-02
-2.280215394915e-02
-2.279098823415e-02
-2.277983071361e-02
-2.276868137953e-02
-2.275754022390e-02
-2.274640723873e-02
-2.273528241604e-02
-2.272416574785e-02
-2.271305722622e-02
-2.270195684318e-02
-2.269086459079e-02
-2.267978046113e-02
-2.266870444626e-02
-2.265763653827e-02
-2.264657672927e-02
-2.263552501135e-02
-2.262448137664e-02
-2.261344581725e-02
-2.260241832533e-02
