3 1.0 1.0 0.0 1.0 0.0 5.0 12001 1 1
3 16.0 1.0 0.0 1.0 5.0 10.0 16001 100 1

5 1.0 1.0 0.0 1.2 5.0 12001 150 1
5 1.0 1.0 0.0 1.4 5.0 12001 150 1
5 1.0 1.0 0.0 1.6 5.0 12001 150 1
5 1.0 1.0 0.0 1.8 5.0 12001 150 1
5 1.0 1.0 0.0 0.8 5.0 12001 150 0
5 1.0 1.0 0.0 1.2 5.0 12001 150 0
5 1.0 1.0 0.0 1.4 5.0 12001 150 0
5 1.0 1.0 0.0 1.6 5.0 12001 150 0
5 1.0 1.0 0.0 1.8 5.0 12001 150 0

#Order, Beta, rs, Mass2, Lambda, MinExtMom(*kF), MaxExtMom, TotalStep(*1e6), Duplication, Observable(0:eqTime 1:freq)
