#Type: Polarization
#DiagNum: 74
#Order: 6
#GNum: 12
#Ver4Num: 5
#LoopNum: 7
#ExtLoopIndex: 0
#DummyLoopIndex: 
#TauNum: 7
#ExtTauIndex: 0 1
#DummyTauIndex: 

# Permutation
 1 11  6  4  3  2  5  8  7 10  9  0 
# SymFactor
1.0
# GType
 0  0  0  0  0  0  0  0  0  0  0  0 
# VertexBasis
 0  1  2  2  3  3  4  4  5  5  6  6 
 1  6  4  3  2  2  3  5  4  6  5  0 
# LoopBasis
 1  0  0  0  0  0  0  0  0  0  0  0 
 0  0  0  0 -1  1  0  0  0  0  0  0 
 0  0  0  1  1  0  0  0  0  0  0  0 
 0  0  1  0  1  0  1  0  0  0  0  0 
 0  0  0  0  0  0  0  1  1  0  0  0 
 0  0  0  0  0  0  0  0  0  1  1  0 
 1  1  0  0  0  0  0  0  0  0  0  1 
# Ver4Legs(InL,OutL,InR,OutR)
 5  2  4  3 | 3  4  6  5 | 2  6  8  7 | 7  8 10  9 | 9 10  1 11 |
# WType(Direct,Exchange)
 0  0 | 0  0 | 0  0 | 0  0 | 0  0 |
# SpinFactor
 0  0  0  0  0  0  0 -4  0  0  0  0  0  0  0  2  0  0  0  0  0  0  0  2  0  0  0  0  0  0  0 -4 

# Permutation
 1 11  6  8  3  2  5  4  7 10  9  0 
# SymFactor
-0.5
# GType
 0  0  0  0  0  0  0  0  0  0  0  0 
# VertexBasis
 0  1  2  2  3  3  4  4  5  5  6  6 
 1  6  4  5  2  2  3  3  4  6  5  0 
# LoopBasis
 1  0  0  0  0  0  0  0  0  0  0  0 
 0  0  0  0 -1  1  0  0  0  0  0  0 
 0  0  1  0  1  0  0  1  0  0  0  0 
 0  0  1  0  1  0  1  0  0  0  0  0 
 0  0 -1  1  0  0  0  0  1  0  0  0 
 0  0  0  0  0  0  0  0  0  1  1  0 
 1  1  0  0  0  0  0  0  0  0  0  1 
# Ver4Legs(InL,OutL,InR,OutR)
 5  2  4  3 | 7  4  6  5 | 2  6  8  7 | 3  8 10  9 | 9 10  1 11 |
# WType(Direct,Exchange)
 0  0 | 0  0 | 0  0 | 0  0 | 0  0 |
# SpinFactor
 0  0  0  4  0  0  0 -2  0  0  0 -2  0  0  0  4  0  0  0 -2  0  0  0  4  0  0  0  4  0  0  0 -2 

# Permutation
 1 11  6  4  8  2  5  3  7 10  9  0 
# SymFactor
-2.0
# GType
 0  0  0  0  0  0  0  0  0  0  0  0 
# VertexBasis
 0  1  2  2  3  3  4  4  5  5  6  6 
 1  6  4  3  5  2  3  2  4  6  5  0 
# LoopBasis
 1  0  0  0  0  0  0  0  0  0  0  0 
 0  0  0  0  0  1  1 -1  0  0  0  0 
 0  0  0  1  0  0 -1  1  0  0  0  0 
 0  0  1  0  0  0  0  1  0  0  0  0 
 0  0  0  0  1  0  1  0  1  0  0  0 
 0  0  0  0  0  0  0  0  0  1  1  0 
 1  1  0  0  0  0  0  0  0  0  0  1 
# Ver4Legs(InL,OutL,InR,OutR)
 5  2  7  3 | 3  4  6  5 | 2  6  8  7 | 4  8 10  9 | 9 10  1 11 |
# WType(Direct,Exchange)
 0  0 | 0  0 | 0  0 | 0  0 | 0  0 |
# SpinFactor
 0  0  0  4  0  0  0 -2  0  0  0 -2  0  0  0  4  0  0  0 -2  0  0  0  4  0  0  0  4  0  0  0 -8 

# Permutation
 1 11  6  4  3  2 10  8  7  5  9  0 
# SymFactor
-1.0
# GType
 0  0  0  0  0  0  0  0  0  0  0  0 
# VertexBasis
 0  1  2  2  3  3  4  4  5  5  6  6 
 1  6  4  3  2  2  6  5  4  3  5  0 
# LoopBasis
 1  0  0  0  0  0  0  0  0  0  0  0 
 0  0  0  0 -1  1  0  0  0  0  0  0 
 0  0  0  1  1  0  0  0  0  0  0  0 
 0  0  1  0  1  0  0  0 -1  1  0  0 
 0  0  0  0  0  0  0  1  1  0  0  0 
 0  0  0  0  0  0  1  0  1  0  1  0 
 1  1  0  0  0  0  0  0  0  0  0  1 
# Ver4Legs(InL,OutL,InR,OutR)
 5  2  4  3 | 3  4  9  5 | 2  6  8  7 | 7  8 10  9 | 6 10  1 11 |
# WType(Direct,Exchange)
 0  0 | 0  0 | 0  0 | 0  0 | 0  0 |
# SpinFactor
 0 -8  0  4  0  4  0 -8  0  4  0 -2  0 -2  0  4  0  4  0 -2  0 -2  0  4  0 -8  0  4  0  4  0 -8 

# Permutation
 1 11 10  8  3  2  5  4  7  6  9  0 
# SymFactor
0.25
# GType
 0  0  0  0  0  0  0  0  0  0  0  0 
# VertexBasis
 0  1  2  2  3  3  4  4  5  5  6  6 
 1  6  6  5  2  2  3  3  4  4  5  0 
# LoopBasis
 1  0  0  0  0  0  0  0  0  0  0  0 
 0  0  0  0 -1  1  0  0  0  0  0  0 
 0  0  0  1  1  0  0  1  0  1  0  0 
 0  0  0  1  1  0  1  0  0  1  0  0 
 0  0  0  0  0  0  0  0  1 -1  0  0 
 0  0  1 -1  0  0  0  0  0  0  1  0 
 1  1  0  0  0  0  0  0  0  0  0  1 
# Ver4Legs(InL,OutL,InR,OutR)
 5  2  4  3 | 7  4  6  5 | 9  6  8  7 | 3  8 10  9 | 2 10  1 11 |
# WType(Direct,Exchange)
 0  0 | 0  0 | 0  0 | 0  0 | 0  0 |
# SpinFactor
 0 -4  0  2  0  2  0 -4  0  2  0 -4  0 -4  0  2  0  2  0 -4  0 -4  0  2  0 -4  0  2  0  2  0 -4 

# Permutation
 1 11  6  8  3  2 10  4  7  5  9  0 
# SymFactor
1.0
# GType
 0  0  0  0  0  0  0  0  0  0  0  0 
# VertexBasis
 0  1  2  2  3  3  4  4  5  5  6  6 
 1  6  4  5  2  2  6  3  4  3  5  0 
# LoopBasis
 1  0  0  0  0  0  0  0  0  0  0  0 
 0  0  0  0 -1  1  0  0  0  0  0  0 
 0  0  1  0  1  0  0  1  0  0  0  0 
 0  0  1  0  1  0  0  0 -1  1  0  0 
 0  0 -1  1  0  0  0  0  1  0  0  0 
 0  0  0  0  0  0  1  0  1  0  1  0 
 1  1  0  0  0  0  0  0  0  0  0  1 
# Ver4Legs(InL,OutL,InR,OutR)
 5  2  4  3 | 7  4  9  5 | 2  6  8  7 | 3  8 10  9 | 6 10  1 11 |
# WType(Direct,Exchange)
 0  0 | 0  0 | 0  0 | 0  0 | 0  0 |
# SpinFactor
 0 -4  0  2  0  2  0 -4  0  2  0 -4  0 -4  0  8  0  2  0 -4  0 -4  0  8  0 -4  0  2  0  2  0 -4 

# Permutation
 1 11  6  4  8 10  5  3  7  2  9  0 
# SymFactor
1.0
# GType
 0  0  0  0  0  0  0  0  0  0  0  0 
# VertexBasis
 0  1  2  2  3  3  4  4  5  5  6  6 
 1  6  4  3  5  6  3  2  4  2  5  0 
# LoopBasis
 1  0  0  0  0  0  0  0  0  0  0  0 
 0  0  0  0  1  0  1 -1  0  1  0  0 
 0  0  0  1  0  0 -1  1  0  0  0  0 
 0  0  1  0  0  0  0  1  0  0  0  0 
 0  0  0  0  1  0  1  0  1  0  0  0 
 0  0  0  0 -1  1  0  0  0  0  1  0 
 1  1  0  0  0  0  0  0  0  0  0  1 
# Ver4Legs(InL,OutL,InR,OutR)
 9  2  7  3 | 3  4  6  5 | 2  6  8  7 | 4  8 10  9 | 5 10  1 11 |
# WType(Direct,Exchange)
 0  0 | 0  0 | 0  0 | 0  0 | 0  0 |
# SpinFactor
 0 -4  0  2  0  2  0 -4  0  2  0 -4  0 -4  0  2  0  2  0 -4  0 -4  0  8  0 -4  0  2  0  8  0 -4 

# Permutation
 1 11  6  4  8  2 10  3  7  5  9  0 
# SymFactor
2.0
# GType
 0  0  0  0  0  0  0  0  0  0  0  0 
# VertexBasis
 0  1  2  2  3  3  4  4  5  5  6  6 
 1  6  4  3  5  2  6  2  4  3  5  0 
# LoopBasis
 1  0  0  0  0  0  0  0  0  0  0  0 
 0  0  0  0  0  1  0 -1 -1  1  0  0 
 0  0  0  1  0  0  0  1  1 -1  0  0 
 0  0  1  0  0  0  0  1  0  0  0  0 
 0  0  0  0  1  0  0  0  0  1  0  0 
 0  0  0  0  0  0  1  0  1  0  1  0 
 1  1  0  0  0  0  0  0  0  0  0  1 
# Ver4Legs(InL,OutL,InR,OutR)
 5  2  7  3 | 3  4  9  5 | 2  6  8  7 | 4  8 10  9 | 6 10  1 11 |
# WType(Direct,Exchange)
 0  0 | 0  0 | 0  0 | 0  0 | 0  0 |
# SpinFactor
 0 -4  0  2  0  2  0 -4  0  2  0 -4  0 -4  0  8  0  2  0 -4  0 -4  0  8  0 -4  0  8  0  8  0 -16 

# Permutation
 1 11  6  4  8  2  5 10  7  3  9  0 
# SymFactor
2.0
# GType
 0  0  0  0  0  0  0  0  0  0  0  0 
# VertexBasis
 0  1  2  2  3  3  4  4  5  5  6  6 
 1  6  4  3  5  2  3  6  4  2  5  0 
# LoopBasis
 1  0  0  0  0  0  0  0  0  0  0  0 
 0  0  0  0  0  1  1  0  1 -1  0  0 
 0  0  0  1  0  0 -1  0 -1  1  0  0 
 0  0  1  0  0  0  0  0 -1  1  0  0 
 0  0  0  0  1  0  1  0  1  0  0  0 
 0  0  0  0  0  0  0  1  1  0  1  0 
 1  1  0  0  0  0  0  0  0  0  0  1 
# Ver4Legs(InL,OutL,InR,OutR)
 5  2  9  3 | 3  4  6  5 | 2  6  8  7 | 4  8 10  9 | 7 10  1 11 |
# WType(Direct,Exchange)
 0  0 | 0  0 | 0  0 | 0  0 | 0  0 |
# SpinFactor
 0 -4  0  8  0  2  0 -4  0  2  0 -4  0 -4  0  2  0  2  0 -4  0 -4  0  2  0 -4  0  8  0  8  0 -4 

# Permutation
 1 11 10  6  7  8  5  4  3  2  9  0 
# SymFactor
-0.5
# GType
 0  0  0  0  0  0  0  0  0  0  0  0 
# VertexBasis
 0  1  2  2  3  3  4  4  5  5  6  6 
 1  6  6  4  4  5  3  3  2  2  5  0 
# LoopBasis
 1  0  0  0  0  0  0  0  0  0  0  0 
 0  0  0  0  0  0  0  0 -1  1  0  0 
 0  0  0  0  0  0 -1  1  0  0  0  0 
 0  0  0  1  0  1  1  0  1  0  0  0 
 0  0  0  0  1  0  1  0  0  0  0  0 
 0  0  1  0  0  0  0  0  1  0  1  0 
 1  1  0  0  0  0  0  0  0  0  0  1 
# Ver4Legs(InL,OutL,InR,OutR)
 9  2  8  3 | 7  4  6  5 | 3  6  4  7 | 5  8 10  9 | 2 10  1 11 |
# WType(Direct,Exchange)
 0  0 | 0  0 | 0  0 | 0  0 | 0  0 |
# SpinFactor
 0 -8  0  4  0  4  0 -2  0  4  0 -2  0 -8  0  4  0  4  0 -8  0 -2  0  4  0 -2  0  4  0  4  0 -8 

# Permutation
 1 11  6  8  3  2 10  9  7  5  4  0 
# SymFactor
-1.0
# GType
 0  0  0  0  0  0  0  0  0  0  0  0 
# VertexBasis
 0  1  2  2  3  3  4  4  5  5  6  6 
 1  6  4  5  2  2  6  5  4  3  3  0 
# LoopBasis
 1  0  0  0  0  0  0  0  0  0  0  0 
 0  0  0  0 -1  1  0  0  0  0  0  0 
 0  0  1  0  1  0  1  0  0  0  1  0 
 0  0  1  0  1  0  0  0 -1  1  0  0 
 0  0 -1  1  0  0  0  0  1  0  0  0 
 0  0  0  0  0  0  0  1  1  0  0  0 
 1  1  0  0  0  0  0  0  0  0  0  1 
# Ver4Legs(InL,OutL,InR,OutR)
 5  2  4  3 |10  4  9  5 | 2  6  8  7 | 3  8  7  9 | 6 10  1 11 |
# WType(Direct,Exchange)
 0  0 | 0  0 | 0  0 | 0  0 | 0  0 |
# SpinFactor
 0 -2  0  4  0  4  0 -2  0  4  0 -8  0 -2  0  4  0  4  0 -8  0 -2  0  4  0 -2  0  4  0  4  0 -2 

# Permutation
 1 11  6  4  8  2  9 10  7  3  5  0 
# SymFactor
-2.0
# GType
 0  0  0  0  0  0  0  0  0  0  0  0 
# VertexBasis
 0  1  2  2  3  3  4  4  5  5  6  6 
 1  6  4  3  5  2  5  6  4  2  3  0 
# LoopBasis
 1  0  0  0  0  0  0  0  0  0  0  0 
 0  0  0  0  0  1  0  1  1 -1  1  0 
 0  0  0  1  0  0  0 -1 -1  1 -1  0 
 0  0  1  0  0  0  0  0 -1  1  0  0 
 0  0  0  0  1  0  0  1  1  0  1  0 
 0  0  0  0  0  0  1  0  1  0  0  0 
 1  1  0  0  0  0  0  0  0  0  0  1 
# Ver4Legs(InL,OutL,InR,OutR)
 5  2  9  3 | 3  4 10  5 | 2  6  8  7 | 4  8  6  9 | 7 10  1 11 |
# WType(Direct,Exchange)
 0  0 | 0  0 | 0  0 | 0  0 | 0  0 |
# SpinFactor
 0 -2  0  4  0  4  0 -8  0  4  0 -2  0 -2  0  4  0  4  0 -2  0 -2  0  4  0 -8  0  4  0  4  0 -8 

# Permutation
 1 11 10  9  7  8  5  4  3  2  6  0 
# SymFactor
0.5
# GType
 0  0  0  0  0  0  0  0  0  0  0  0 
# VertexBasis
 0  1  2  2  3  3  4  4  5  5  6  6 
 1  6  6  5  4  5  3  3  2  2  4  0 
# LoopBasis
 1  0  0  0  0  0  0  0  0  0  0  0 
 0  0  0  0  0  0  0  0 -1  1  0  0 
 0  0  0  0  0  0 -1  1  0  0  0  0 
 0  0  1  0  0  1  1  0  1  0  1  0 
 0  0  0  0  1  0  1  0  0  0  0  0 
 0  0  0  1  0  0  0  0  1  0  0  0 
 1  1  0  0  0  0  0  0  0  0  0  1 
# Ver4Legs(InL,OutL,InR,OutR)
 9  2  8  3 | 7  4  6  5 |10  6  4  7 | 5  8  3  9 | 2 10  1 11 |
# WType(Direct,Exchange)
 0  0 | 0  0 | 0  0 | 0  0 | 0  0 |
# SpinFactor
 0 -4  0  8  0  2  0 -4  0  2  0 -4  0 -4  0  8  0  8  0 -4  0 -4  0  2  0 -4  0  2  0  8  0 -4 

# Permutation
 1  7  6  4  3  2  5  8 11 10  9  0 
# SymFactor
-0.5
# GType
 0  0  0  0  0  0  0  0  0  0  0  0 
# VertexBasis
 0  1  2  2  3  3  4  4  5  5  6  6 
 1  4  4  3  2  2  3  5  6  6  5  0 
# LoopBasis
 1  0  0  0  0  0  0  0  0  0  0  0 
 0  0  0  0 -1  1  0  0  0  0  0  0 
 0  0  0  1  1  0  0  0  0  0  0  0 
 0  0  1  0  1  0  1  0  0  0  0  0 
 1  1  0  0  0  0  0  1  0  0 -1  1 
 0  0  0  0  0  0  0  0  0  1  1  0 
 0  0  0  0  0  0  0  0  1  0  1  0 
# Ver4Legs(InL,OutL,InR,OutR)
 5  2  4  3 | 3  4  6  5 | 2  6  1  7 | 7  8 10  9 | 9 10  8 11 |
# WType(Direct,Exchange)
 0  0 | 0  0 | 0  0 | 0  0 | 0  0 |
# SpinFactor
 0  0  0  0 -8  4  4 -8  0  0  0  0  4 -2 -2  4  0  0  0  0  4 -2 -2  4  0  0  0  0 -8  4  4 -8 

# Permutation
 1  9  6  4  3  2  5  8 11 10  0  7 
# SymFactor
-0.5
# GType
 0  0  0  0  0  0  0  0  0  0  0  0 
# VertexBasis
 0  1  2  2  3  3  4  4  5  5  6  6 
 1  5  4  3  2  2  3  5  6  6  0  4 
# LoopBasis
 1  0  0  0  0  0  0  0  0  0  0  0 
 0  0  0  0 -1  1  0  0  0  0  0  0 
 0  0  0  1  1  0  0  0  0  0  0  0 
 0  0  1  0  1  0  1  0  0  0  0  0 
-1 -1  0  0  0  0  0  1  0  0 -1  1 
 1  1  0  0  0  0  0  0  0  1  1  0 
 1  1  0  0  0  0  0  0  1  0  1  0 
# Ver4Legs(InL,OutL,InR,OutR)
 5  2  4  3 | 3  4  6  5 | 2  6 11  7 | 7  8  1  9 | 9 10  8 11 |
# WType(Direct,Exchange)
 0  0 | 0  0 | 0  0 | 0  0 | 0  0 |
# SpinFactor
 0  0  0  0 -8  4  4 -8  0  0  0  0  4 -2 -2  4  0  0  0  0  4 -2 -2  4  0  0  0  0 -8  4  4 -8 

# Permutation
 1 11  6  4  3  2  5  8  0 10  9  7 
# SymFactor
-1.0
# GType
 0  0  0  0  0  0  0  0  0  0  0  0 
# VertexBasis
 0  1  2  2  3  3  4  4  5  5  6  6 
 1  6  4  3  2  2  3  5  0  6  5  4 
# LoopBasis
 1  0  0  0  0  0  0  0  0  0  0  0 
 0  0  0  0 -1  1  0  0  0  0  0  0 
 0  0  0  1  1  0  0  0  0  0  0  0 
 0  0  1  0  1  0  1  0  0  0  0  0 
 0  0  0  0  0  0  0  1  0  0 -1  1 
 0  0  0  0  0  0  0  0  0  1  1  0 
 1  1  0  0  0  0  0  0  1  0  1  0 
# Ver4Legs(InL,OutL,InR,OutR)
 5  2  4  3 | 3  4  6  5 | 2  6 11  7 | 7  8 10  9 | 9 10  1 11 |
# WType(Direct,Exchange)
 0  0 | 0  0 | 0  0 | 0  0 | 0  0 |
# SpinFactor
 0  0  0  0 -8  4  4 -8  0  0  0  0  4 -2 -2  4  0  0  0  0  4 -2 -2  4  0  0  0  0 -8  4  4 -8 

# Permutation
 1  8  6  4  3  2  5  0 11 10  9  7 
# SymFactor
-0.5
# GType
 0  0  0  0  0  0  0  0  0  0  0  0 
# VertexBasis
 0  1  2  2  3  3  4  4  5  5  6  6 
 1  5  4  3  2  2  3  0  6  6  5  4 
# LoopBasis
 1  0  0  0  0  0  0  0  0  0  0  0 
 0  0  0  0 -1  1  0  0  0  0  0  0 
 0  0  0  1  1  0  0  0  0  0  0  0 
 0  0  1  0  1  0  1  0  0  0  0  0 
 1  1  0  0  0  0  0  1  0  0 -1  1 
 0  0  0  0  0  0  0  0  0  1  1  0 
 0  0  0  0  0  0  0  0  1  0  1  0 
# Ver4Legs(InL,OutL,InR,OutR)
 5  2  4  3 | 3  4  6  5 | 2  6 11  7 | 1  8 10  9 | 9 10  8 11 |
# WType(Direct,Exchange)
 0  0 | 0  0 | 0  0 | 0  0 | 0  0 |
# SpinFactor
 0  0  0  0 -8  4  4 -8  0  0  0  0  4 -2 -2  4  0  0  0  0  4 -2 -2  4  0  0  0  0 -8  4  4 -8 

# Permutation
 1  4  6  8  3  2  5  0 11 10  9  7 
# SymFactor
0.5
# GType
 0  0  0  0  0  0  0  0  0  0  0  0 
# VertexBasis
 0  1  2  2  3  3  4  4  5  5  6  6 
 1  3  4  5  2  2  3  0  6  6  5  4 
# LoopBasis
 1  0  0  0  0  0  0  0  0  0  0  0 
 0  0  0  0 -1  1  0  0  0  0  0  0 
 1  1  1  0  1  0  0  1  0  0  0  0 
 0  0  1  0  1  0  1  0  0  0  0  0 
 0  0 -1  1  0  0  0  0  0  0 -1  1 
 0  0  0  0  0  0  0  0  0  1  1  0 
 0  0  0  0  0  0  0  0  1  0  1  0 
# Ver4Legs(InL,OutL,InR,OutR)
 5  2  4  3 | 1  4  6  5 | 2  6 11  7 | 3  8 10  9 | 9 10  8 11 |
# WType(Direct,Exchange)
 0  0 | 0  0 | 0  0 | 0  0 | 0  0 |
# SpinFactor
 8 -4 -4  8 -4  2  2 -4 -4  2  2 -4  8 -4 -4  8 -4  2  2 -4  8 -4 -4  8  8 -4 -4  8 -4  2  2 -4 

# Permutation
 1  7  6  8  3  2  5  4 11 10  9  0 
# SymFactor
0.25
# GType
 0  0  0  0  0  0  0  0  0  0  0  0 
# VertexBasis
 0  1  2  2  3  3  4  4  5  5  6  6 
 1  4  4  5  2  2  3  3  6  6  5  0 
# LoopBasis
 1  0  0  0  0  0  0  0  0  0  0  0 
 0  0  0  0 -1  1  0  0  0  0  0  0 
 0  0  1  0  1  0  0  1  0  0  0  0 
 0  0  1  0  1  0  1  0  0  0  0  0 
 1  1 -1  1  0  0  0  0  0  0 -1  1 
 0  0  0  0  0  0  0  0  0  1  1  0 
 0  0  0  0  0  0  0  0  1  0  1  0 
# Ver4Legs(InL,OutL,InR,OutR)
 5  2  4  3 | 7  4  6  5 | 2  6  1  7 | 3  8 10  9 | 9 10  8 11 |
# WType(Direct,Exchange)
 0  0 | 0  0 | 0  0 | 0  0 | 0  0 |
# SpinFactor
 8 -4 -4  8 -4  2  2 -4 -4  2  2 -4  8 -4 -4  8 -4  2  2 -4  8 -4 -4  8  8 -4 -4  8 -4  2  2 -4 

# Permutation
 1 11  6  8  3  2  5  4  0 10  9  7 
# SymFactor
0.5
# GType
 0  0  0  0  0  0  0  0  0  0  0  0 
# VertexBasis
 0  1  2  2  3  3  4  4  5  5  6  6 
 1  6  4  5  2  2  3  3  0  6  5  4 
# LoopBasis
 1  0  0  0  0  0  0  0  0  0  0  0 
 0  0  0  0 -1  1  0  0  0  0  0  0 
 0  0  1  0  1  0  0  1  0  0  0  0 
 0  0  1  0  1  0  1  0  0  0  0  0 
 0  0 -1  1  0  0  0  0  0  0 -1  1 
 0  0  0  0  0  0  0  0  0  1  1  0 
 1  1  0  0  0  0  0  0  1  0  1  0 
# Ver4Legs(InL,OutL,InR,OutR)
 5  2  4  3 | 7  4  6  5 | 2  6 11  7 | 3  8 10  9 | 9 10  1 11 |
# WType(Direct,Exchange)
 0  0 | 0  0 | 0  0 | 0  0 | 0  0 |
# SpinFactor
 8 -4 -4  8 -4  2  2 -4 -4  2  2 -4  8 -4 -4  8 -4  2  2 -4  8 -4 -4  8  8 -4 -4  8 -4  2  2 -4 

# Permutation
 1  2  6  8  3  0  5  4 11 10  9  7 
# SymFactor
0.5
# GType
 0  0  0  0  0  0  0  0  0  0  0  0 
# VertexBasis
 0  1  2  2  3  3  4  4  5  5  6  6 
 1  2  4  5  2  0  3  3  6  6  5  4 
# LoopBasis
 1  0  0  0  0  0  0  0  0  0  0  0 
 1  1  0  0 -1  1  0  0  0  0  0  0 
 0  0  1  0  1  0  0  1  0  0  0  0 
 0  0  1  0  1  0  1  0  0  0  0  0 
 0  0 -1  1  0  0  0  0  0  0 -1  1 
 0  0  0  0  0  0  0  0  0  1  1  0 
 0  0  0  0  0  0  0  0  1  0  1  0 
# Ver4Legs(InL,OutL,InR,OutR)
 1  2  4  3 | 7  4  6  5 | 2  6 11  7 | 3  8 10  9 | 9 10  8 11 |
# WType(Direct,Exchange)
 0  0 | 0  0 | 0  0 | 0  0 | 0  0 |
# SpinFactor
 8 -4 -4  8 -4  2  2 -4 -4  2  2 -4  8 -4 -4  8 -4  2  2 -4  8 -4 -4  8  8 -4 -4  8 -4  2  2 -4 

# Permutation
 1  9  6  8  3  2  5  4 11 10  0  7 
# SymFactor
0.25
# GType
 0  0  0  0  0  0  0  0  0  0  0  0 
# VertexBasis
 0  1  2  2  3  3  4  4  5  5  6  6 
 1  5  4  5  2  2  3  3  6  6  0  4 
# LoopBasis
 1  0  0  0  0  0  0  0  0  0  0  0 
 0  0  0  0 -1  1  0  0  0  0  0  0 
 0  0  1  0  1  0  0  1  0  0  0  0 
 0  0  1  0  1  0  1  0  0  0  0  0 
-1 -1 -1  1  0  0  0  0  0  0 -1  1 
 1  1  0  0  0  0  0  0  0  1  1  0 
 1  1  0  0  0  0  0  0  1  0  1  0 
# Ver4Legs(InL,OutL,InR,OutR)
 5  2  4  3 | 7  4  6  5 | 2  6 11  7 | 3  8  1  9 | 9 10  8 11 |
# WType(Direct,Exchange)
 0  0 | 0  0 | 0  0 | 0  0 | 0  0 |
# SpinFactor
 8 -4 -4  8 -4  2  2 -4 -4  2  2 -4  8 -4 -4  8 -4  2  2 -4  8 -4 -4  8  8 -4 -4  8 -4  2  2 -4 

# Permutation
 1  6  0  8  3  2  5  4 11 10  9  7 
# SymFactor
0.25
# GType
 0  0  0  0  0  0  0  0  0  0  0  0 
# VertexBasis
 0  1  2  2  3  3  4  4  5  5  6  6 
 1  4  0  5  2  2  3  3  6  6  5  4 
# LoopBasis
 1  0  0  0  0  0  0  0  0  0  0  0 
 0  0  0  0 -1  1  0  0  0  0  0  0 
 1  1  1  0  1  0  0  1  0  0  0  0 
 1  1  1  0  1  0  1  0  0  0  0  0 
-1 -1 -1  1  0  0  0  0  0  0 -1  1 
 0  0  0  0  0  0  0  0  0  1  1  0 
 0  0  0  0  0  0  0  0  1  0  1  0 
# Ver4Legs(InL,OutL,InR,OutR)
 5  2  4  3 | 7  4  6  5 | 1  6 11  7 | 3  8 10  9 | 9 10  8 11 |
# WType(Direct,Exchange)
 0  0 | 0  0 | 0  0 | 0  0 | 0  0 |
# SpinFactor
 8 -4 -4  8 -4  2  2 -4 -4  2  2 -4  8 -4 -4  8 -4  2  2 -4  8 -4 -4  8  8 -4 -4  8 -4  2  2 -4 

# Permutation
 1  8  6  0  3  2  5  4 11 10  9  7 
# SymFactor
0.25
# GType
 0  0  0  0  0  0  0  0  0  0  0  0 
# VertexBasis
 0  1  2  2  3  3  4  4  5  5  6  6 
 1  5  4  0  2  2  3  3  6  6  5  4 
# LoopBasis
 1  0  0  0  0  0  0  0  0  0  0  0 
 0  0  0  0 -1  1  0  0  0  0  0  0 
 0  0  1  0  1  0  0  1  0  0  0  0 
 0  0  1  0  1  0  1  0  0  0  0  0 
 1  1 -1  1  0  0  0  0  0  0 -1  1 
 0  0  0  0  0  0  0  0  0  1  1  0 
 0  0  0  0  0  0  0  0  1  0  1  0 
# Ver4Legs(InL,OutL,InR,OutR)
 5  2  4  3 | 7  4  6  5 | 2  6 11  7 | 1  8 10  9 | 9 10  8 11 |
# WType(Direct,Exchange)
 0  0 | 0  0 | 0  0 | 0  0 | 0  0 |
# SpinFactor
 8 -4 -4  8 -4  2  2 -4 -4  2  2 -4  8 -4 -4  8 -4  2  2 -4  8 -4 -4  8  8 -4 -4  8 -4  2  2 -4 

# Permutation
 1  2  6  4  8  0  5  3 11 10  9  7 
# SymFactor
1.0
# GType
 0  0  0  0  0  0  0  0  0  0  0  0 
# VertexBasis
 0  1  2  2  3  3  4  4  5  5  6  6 
 1  2  4  3  5  0  3  2  6  6  5  4 
# LoopBasis
 1  0  0  0  0  0  0  0  0  0  0  0 
 1  1  0  0  0  1  1 -1  0  0  0  0 
 0  0  0  1  0  0 -1  1  0  0  0  0 
 0  0  1  0  0  0  0  1  0  0  0  0 
 0  0  0  0  1  0  1  0  0  0 -1  1 
 0  0  0  0  0  0  0  0  0  1  1  0 
 0  0  0  0  0  0  0  0  1  0  1  0 
# Ver4Legs(InL,OutL,InR,OutR)
 1  2  7  3 | 3  4  6  5 | 2  6 11  7 | 4  8 10  9 | 9 10  8 11 |
# WType(Direct,Exchange)
 0  0 | 0  0 | 0  0 | 0  0 | 0  0 |
# SpinFactor
 8 -4 -4  8 -4  2  2 -4 -4  2  2 -4  8 -4 -4  8 -4  2  2 -4  8 -4 -4  8  8 -4 -4  8 -16  8  8 -16 

# Permutation
 1  6  0  4  8  2  5  3 11 10  9  7 
# SymFactor
1.0
# GType
 0  0  0  0  0  0  0  0  0  0  0  0 
# VertexBasis
 0  1  2  2  3  3  4  4  5  5  6  6 
 1  4  0  3  5  2  3  2  6  6  5  4 
# LoopBasis
 1  0  0  0  0  0  0  0  0  0  0  0 
 0  0  0  0  0  1  1 -1  0  0  0  0 
 0  0  0  1  0  0 -1  1  0  0  0  0 
 1  1  1  0  0  0  0  1  0  0  0  0 
 0  0  0  0  1  0  1  0  0  0 -1  1 
 0  0  0  0  0  0  0  0  0  1  1  0 
 0  0  0  0  0  0  0  0  1  0  1  0 
# Ver4Legs(InL,OutL,InR,OutR)
 5  2  7  3 | 3  4  6  5 | 1  6 11  7 | 4  8 10  9 | 9 10  8 11 |
# WType(Direct,Exchange)
 0  0 | 0  0 | 0  0 | 0  0 | 0  0 |
# SpinFactor
 8 -4 -4  8 -4  2  2 -4 -4  2  2 -4  8 -4 -4  8 -4  2  2 -4  8 -4 -4  8  8 -4 -4  8 -16  8  8 -16 

# Permutation
 1 11  6  4  8  2  5  3  0 10  9  7 
# SymFactor
2.0
# GType
 0  0  0  0  0  0  0  0  0  0  0  0 
# VertexBasis
 0  1  2  2  3  3  4  4  5  5  6  6 
 1  6  4  3  5  2  3  2  0  6  5  4 
# LoopBasis
 1  0  0  0  0  0  0  0  0  0  0  0 
 0  0  0  0  0  1  1 -1  0  0  0  0 
 0  0  0  1  0  0 -1  1  0  0  0  0 
 0  0  1  0  0  0  0  1  0  0  0  0 
 0  0  0  0  1  0  1  0  0  0 -1  1 
 0  0  0  0  0  0  0  0  0  1  1  0 
 1  1  0  0  0  0  0  0  1  0  1  0 
# Ver4Legs(InL,OutL,InR,OutR)
 5  2  7  3 | 3  4  6  5 | 2  6 11  7 | 4  8 10  9 | 9 10  1 11 |
# WType(Direct,Exchange)
 0  0 | 0  0 | 0  0 | 0  0 | 0  0 |
# SpinFactor
 8 -4 -4  8 -4  2  2 -4 -4  2  2 -4  8 -4 -4  8 -4  2  2 -4  8 -4 -4  8  8 -4 -4  8 -16  8  8 -16 

# Permutation
 1  3  6  4  8  2  5  0 11 10  9  7 
# SymFactor
1.0
# GType
 0  0  0  0  0  0  0  0  0  0  0  0 
# VertexBasis
 0  1  2  2  3  3  4  4  5  5  6  6 
 1  2  4  3  5  2  3  0  6  6  5  4 
# LoopBasis
 1  0  0  0  0  0  0  0  0  0  0  0 
-1 -1  0  0  0  1  1 -1  0  0  0  0 
 1  1  0  1  0  0 -1  1  0  0  0  0 
 1  1  1  0  0  0  0  1  0  0  0  0 
 0  0  0  0  1  0  1  0  0  0 -1  1 
 0  0  0  0  0  0  0  0  0  1  1  0 
 0  0  0  0  0  0  0  0  1  0  1  0 
# Ver4Legs(InL,OutL,InR,OutR)
 5  2  1  3 | 3  4  6  5 | 2  6 11  7 | 4  8 10  9 | 9 10  8 11 |
# WType(Direct,Exchange)
 0  0 | 0  0 | 0  0 | 0  0 | 0  0 |
# SpinFactor
 8 -4 -4  8 -4  2  2 -4 -4  2  2 -4  8 -4 -4  8 -4  2  2 -4  8 -4 -4  8  8 -4 -4  8 -16  8  8 -16 

# Permutation
 1  9  6  4  8  2  5  3 11 10  0  7 
# SymFactor
1.0
# GType
 0  0  0  0  0  0  0  0  0  0  0  0 
# VertexBasis
 0  1  2  2  3  3  4  4  5  5  6  6 
 1  5  4  3  5  2  3  2  6  6  0  4 
# LoopBasis
 1  0  0  0  0  0  0  0  0  0  0  0 
 0  0  0  0  0  1  1 -1  0  0  0  0 
 0  0  0  1  0  0 -1  1  0  0  0  0 
 0  0  1  0  0  0  0  1  0  0  0  0 
-1 -1  0  0  1  0  1  0  0  0 -1  1 
 1  1  0  0  0  0  0  0  0  1  1  0 
 1  1  0  0  0  0  0  0  1  0  1  0 
# Ver4Legs(InL,OutL,InR,OutR)
 5  2  7  3 | 3  4  6  5 | 2  6 11  7 | 4  8  1  9 | 9 10  8 11 |
# WType(Direct,Exchange)
 0  0 | 0  0 | 0  0 | 0  0 | 0  0 |
# SpinFactor
 8 -4 -4  8 -4  2  2 -4 -4  2  2 -4  8 -4 -4  8 -4  2  2 -4  8 -4 -4  8  8 -4 -4  8 -16  8  8 -16 

# Permutation
 1  7  6  4  8  2  5  3 11 10  9  0 
# SymFactor
1.0
# GType
 0  0  0  0  0  0  0  0  0  0  0  0 
# VertexBasis
 0  1  2  2  3  3  4  4  5  5  6  6 
 1  4  4  3  5  2  3  2  6  6  5  0 
# LoopBasis
 1  0  0  0  0  0  0  0  0  0  0  0 
 0  0  0  0  0  1  1 -1  0  0  0  0 
 0  0  0  1  0  0 -1  1  0  0  0  0 
 0  0  1  0  0  0  0  1  0  0  0  0 
 1  1  0  0  1  0  1  0  0  0 -1  1 
 0  0  0  0  0  0  0  0  0  1  1  0 
 0  0  0  0  0  0  0  0  1  0  1  0 
# Ver4Legs(InL,OutL,InR,OutR)
 5  2  7  3 | 3  4  6  5 | 2  6  1  7 | 4  8 10  9 | 9 10  8 11 |
# WType(Direct,Exchange)
 0  0 | 0  0 | 0  0 | 0  0 | 0  0 |
# SpinFactor
 8 -4 -4  8 -4  2  2 -4 -4  2  2 -4  8 -4 -4  8 -4  2  2 -4  8 -4 -4  8  8 -4 -4  8 -16  8  8 -16 

# Permutation
 1  4  6  0  8  2  5  3 11 10  9  7 
# SymFactor
1.0
# GType
 0  0  0  0  0  0  0  0  0  0  0  0 
# VertexBasis
 0  1  2  2  3  3  4  4  5  5  6  6 
 1  3  4  0  5  2  3  2  6  6  5  4 
# LoopBasis
 1  0  0  0  0  0  0  0  0  0  0  0 
 0  0  0  0  0  1  1 -1  0  0  0  0 
 1  1  0  1  0  0 -1  1  0  0  0  0 
 0  0  1  0  0  0  0  1  0  0  0  0 
 0  0  0  0  1  0  1  0  0  0 -1  1 
 0  0  0  0  0  0  0  0  0  1  1  0 
 0  0  0  0  0  0  0  0  1  0  1  0 
# Ver4Legs(InL,OutL,InR,OutR)
 5  2  7  3 | 1  4  6  5 | 2  6 11  7 | 4  8 10  9 | 9 10  8 11 |
# WType(Direct,Exchange)
 0  0 | 0  0 | 0  0 | 0  0 | 0  0 |
# SpinFactor
 8 -4 -4  8 -4  2  2 -4 -4  2  2 -4  8 -4 -4  8 -4  2  2 -4  8 -4 -4  8  8 -4 -4  8 -16  8  8 -16 

# Permutation
 1  8  6  4  0  2  5  3 11 10  9  7 
# SymFactor
1.0
# GType
 0  0  0  0  0  0  0  0  0  0  0  0 
# VertexBasis
 0  1  2  2  3  3  4  4  5  5  6  6 
 1  5  4  3  0  2  3  2  6  6  5  4 
# LoopBasis
 1  0  0  0  0  0  0  0  0  0  0  0 
 0  0  0  0  0  1  1 -1  0  0  0  0 
 0  0  0  1  0  0 -1  1  0  0  0  0 
 0  0  1  0  0  0  0  1  0  0  0  0 
 1  1  0  0  1  0  1  0  0  0 -1  1 
 0  0  0  0  0  0  0  0  0  1  1  0 
 0  0  0  0  0  0  0  0  1  0  1  0 
# Ver4Legs(InL,OutL,InR,OutR)
 5  2  7  3 | 3  4  6  5 | 2  6 11  7 | 1  8 10  9 | 9 10  8 11 |
# WType(Direct,Exchange)
 0  0 | 0  0 | 0  0 | 0  0 | 0  0 |
# SpinFactor
 8 -4 -4  8 -4  2  2 -4 -4  2  2 -4  8 -4 -4  8 -4  2  2 -4  8 -4 -4  8  8 -4 -4  8 -16  8  8 -16 

# Permutation
 1  5  6  4  8  2  0  3 11 10  9  7 
# SymFactor
1.0
# GType
 0  0  0  0  0  0  0  0  0  0  0  0 
# VertexBasis
 0  1  2  2  3  3  4  4  5  5  6  6 
 1  3  4  3  5  2  0  2  6  6  5  4 
# LoopBasis
 1  0  0  0  0  0  0  0  0  0  0  0 
 1  1  0  0  0  1  1 -1  0  0  0  0 
-1 -1  0  1  0  0 -1  1  0  0  0  0 
 0  0  1  0  0  0  0  1  0  0  0  0 
 1  1  0  0  1  0  1  0  0  0 -1  1 
 0  0  0  0  0  0  0  0  0  1  1  0 
 0  0  0  0  0  0  0  0  1  0  1  0 
# Ver4Legs(InL,OutL,InR,OutR)
 5  2  7  3 | 3  4  1  5 | 2  6 11  7 | 4  8 10  9 | 9 10  8 11 |
# WType(Direct,Exchange)
 0  0 | 0  0 | 0  0 | 0  0 | 0  0 |
# SpinFactor
 8 -4 -4  8 -4  2  2 -4 -4  2  2 -4  8 -4 -4  8 -4  2  2 -4  8 -4 -4  8  8 -4 -4  8 -16  8  8 -16 

# Permutation
 1  2  0  4  8  6 10 11  7  5  9  3 
# SymFactor
1.0
# GType
 0  0  0  0  0  0  0  0  0  0  0  0 
# VertexBasis
 0  1  2  2  3  3  4  4  5  5  6  6 
 1  2  0  3  5  4  6  6  4  3  5  2 
# LoopBasis
 1  0  0  0  0  0  0  0  0  0  0  0 
 1  1  1  0  0  0  0  0  0  0  0  0 
 0  0  0  1  0  0  1  0  1 -1  0  1 
 0  0  0  0  0  1  0  0 -1  1  0  0 
 0  0  0  0  1  0  0  0  0  1  0  0 
 0  0  0  0  0  0  1  0  1  0  1  0 
 0  0  0  0  0  0 -1  1  0  0  0  0 
# Ver4Legs(InL,OutL,InR,OutR)
 1  2 11  3 | 3  4  9  5 | 5  6  8  7 | 4  8 10  9 | 6 10  7 11 |
# WType(Direct,Exchange)
 0  0 | 0  0 | 0  0 | 0  0 | 0  0 |
# SpinFactor
 0  0  0  0  0  0  0  0  0  0  0  0  0  0  0  0 -4  2  2 -4  2 -4 -4  2  2 -4 -4  8 -4  2  8 -4 

# Permutation
 1  7 10 11  3  2  5  4  0  6  9  8 
# SymFactor
-0.125
# GType
 0  0  0  0  0  0  0  0  0  0  0  0 
# VertexBasis
 0  1  2  2  3  3  4  4  5  5  6  6 
 1  4  6  6  2  2  3  3  0  4  5  5 
# LoopBasis
 1  0  0  0  0  0  0  0  0  0  0  0 
 0  0  0  0 -1  1  0  0  0  0  0  0 
 0  0  1  0  1  0  0  1  0  1  0  1 
 0  0  1  0  1  0  1  0  0  1  0  1 
 1  1  0  0  0  0  0  0  1 -1  0  0 
 0  0  0  0  0  0  0  0  0  0  1 -1 
 0  0 -1  1  0  0  0  0  0  0  0  0 
# Ver4Legs(InL,OutL,InR,OutR)
 5  2  4  3 | 7  4  6  5 | 9  6  1  7 |11  8 10  9 | 2 10  3 11 |
# WType(Direct,Exchange)
 0  0 | 0  0 | 0  0 | 0  0 | 0  0 |
# SpinFactor
 4 -2 -2  4 -2  4  4 -2 -2  4  4 -2  4 -2 -2  4 -2  4  4 -2  4 -2 -2  4  4 -2 -2  4 -2  4  4 -2 

# Permutation
 1  9 10  8  3  2  5  4 11  6  0  7 
# SymFactor
-0.5
# GType
 0  0  0  0  0  0  0  0  0  0  0  0 
# VertexBasis
 0  1  2  2  3  3  4  4  5  5  6  6 
 1  5  6  5  2  2  3  3  6  4  0  4 
# LoopBasis
 1  0  0  0  0  0  0  0  0  0  0  0 
 0  0  0  0 -1  1  0  0  0  0  0  0 
 0  0  0  1  1  0  0  1  0  1  0  0 
 0  0  0  1  1  0  1  0  0  1  0  0 
-1 -1  0  0  0  0  0  0  0 -1 -1  1 
 1  1  1 -1  0  0  0  0  0  0  1  0 
 1  1  0  0  0  0  0  0  1  0  1  0 
# Ver4Legs(InL,OutL,InR,OutR)
 5  2  4  3 | 7  4  6  5 | 9  6 11  7 | 3  8  1  9 | 2 10  8 11 |
# WType(Direct,Exchange)
 0  0 | 0  0 | 0  0 | 0  0 | 0  0 |
# SpinFactor
 4 -2 -2  4 -2  4  4 -8 -2  4  4 -8  4 -2 -2  4 -2  4  4 -8  4 -2 -2  4  4 -2 -2  4 -2  4  4 -8 

# Permutation
 1  4 10  8  3  2  5  0 11  6  9  7 
# SymFactor
-0.5
# GType
 0  0  0  0  0  0  0  0  0  0  0  0 
# VertexBasis
 0  1  2  2  3  3  4  4  5  5  6  6 
 1  3  6  5  2  2  3  0  6  4  5  4 
# LoopBasis
 1  0  0  0  0  0  0  0  0  0  0  0 
 0  0  0  0 -1  1  0  0  0  0  0  0 
 1  1  0  1  1  0  0  1  0  1  0  0 
 0  0  0  1  1  0  1  0  0  1  0  0 
 0  0  0  0  0  0  0  0  0 -1 -1  1 
 0  0  1 -1  0  0  0  0  0  0  1  0 
 0  0  0  0  0  0  0  0  1  0  1  0 
# Ver4Legs(InL,OutL,InR,OutR)
 5  2  4  3 | 1  4  6  5 | 9  6 11  7 | 3  8 10  9 | 2 10  8 11 |
# WType(Direct,Exchange)
 0  0 | 0  0 | 0  0 | 0  0 | 0  0 |
# SpinFactor
 4 -2 -2  4 -2  4  4 -8 -2  4  4 -8  4 -2 -2  4 -2  4  4 -8  4 -2 -2  4  4 -2 -2  4 -2  4  4 -8 

# Permutation
 1 10  0  8  3  2  5  4 11  6  9  7 
# SymFactor
-0.5
# GType
 0  0  0  0  0  0  0  0  0  0  0  0 
# VertexBasis
 0  1  2  2  3  3  4  4  5  5  6  6 
 1  6  0  5  2  2  3  3  6  4  5  4 
# LoopBasis
 1  0  0  0  0  0  0  0  0  0  0  0 
 0  0  0  0 -1  1  0  0  0  0  0  0 
 0  0  0  1  1  0  0  1  0  1  0  0 
 0  0  0  1  1  0  1  0  0  1  0  0 
 0  0  0  0  0  0  0  0  0 -1 -1  1 
 1  1  1 -1  0  0  0  0  0  0  1  0 
 0  0  0  0  0  0  0  0  1  0  1  0 
# Ver4Legs(InL,OutL,InR,OutR)
 5  2  4  3 | 7  4  6  5 | 9  6 11  7 | 3  8 10  9 | 1 10  8 11 |
# WType(Direct,Exchange)
 0  0 | 0  0 | 0  0 | 0  0 | 0  0 |
# SpinFactor
 4 -2 -2  4 -2  4  4 -8 -2  4  4 -8  4 -2 -2  4 -2  4  4 -8  4 -2 -2  4  4 -2 -2  4 -2  4  4 -8 

# Permutation
 1  7 10  8  3  2  5  4 11  6  9  0 
# SymFactor
-0.5
# GType
 0  0  0  0  0  0  0  0  0  0  0  0 
# VertexBasis
 0  1  2  2  3  3  4  4  5  5  6  6 
 1  4  6  5  2  2  3  3  6  4  5  0 
# LoopBasis
 1  0  0  0  0  0  0  0  0  0  0  0 
 0  0  0  0 -1  1  0  0  0  0  0  0 
 0  0  0  1  1  0  0  1  0  1  0  0 
 0  0  0  1  1  0  1  0  0  1  0  0 
 1  1  0  0  0  0  0  0  0 -1 -1  1 
 0  0  1 -1  0  0  0  0  0  0  1  0 
 0  0  0  0  0  0  0  0  1  0  1  0 
# Ver4Legs(InL,OutL,InR,OutR)
 5  2  4  3 | 7  4  6  5 | 9  6  1  7 | 3  8 10  9 | 2 10  8 11 |
# WType(Direct,Exchange)
 0  0 | 0  0 | 0  0 | 0  0 | 0  0 |
# SpinFactor
 4 -2 -2  4 -2  4  4 -8 -2  4  4 -8  4 -2 -2  4 -2  4  4 -8  4 -2 -2  4  4 -2 -2  4 -2  4  4 -8 

# Permutation
 1  2 10  8  3  0  5  4 11  6  9  7 
# SymFactor
-0.5
# GType
 0  0  0  0  0  0  0  0  0  0  0  0 
# VertexBasis
 0  1  2  2  3  3  4  4  5  5  6  6 
 1  2  6  5  2  0  3  3  6  4  5  4 
# LoopBasis
 1  0  0  0  0  0  0  0  0  0  0  0 
 1  1  0  0 -1  1  0  0  0  0  0  0 
 0  0  0  1  1  0  0  1  0  1  0  0 
 0  0  0  1  1  0  1  0  0  1  0  0 
 0  0  0  0  0  0  0  0  0 -1 -1  1 
 0  0  1 -1  0  0  0  0  0  0  1  0 
 0  0  0  0  0  0  0  0  1  0  1  0 
# Ver4Legs(InL,OutL,InR,OutR)
 1  2  4  3 | 7  4  6  5 | 9  6 11  7 | 3  8 10  9 | 2 10  8 11 |
# WType(Direct,Exchange)
 0  0 | 0  0 | 0  0 | 0  0 | 0  0 |
# SpinFactor
 4 -2 -2  4 -2  4  4 -8 -2  4  4 -8  4 -2 -2  4 -2  4  4 -8  4 -2 -2  4  4 -2 -2  4 -2  4  4 -8 

# Permutation
 1  6  0  8  3  2 10 11  7  5  9  4 
# SymFactor
-0.5
# GType
 0  0  0  0  0  0  0  0  0  0  0  0 
# VertexBasis
 0  1  2  2  3  3  4  4  5  5  6  6 
 1  4  0  5  2  2  6  6  4  3  5  3 
# LoopBasis
 1  0  0  0  0  0  0  0  0  0  0  0 
 0  0  0  0 -1  1  0  0  0  0  0  0 
 1  1  1  0  1  0  1  0  0  0  0  1 
 1  1  1  0  1  0  0  0 -1  1  0  0 
-1 -1 -1  1  0  0  0  0  1  0  0  0 
 0  0  0  0  0  0  1  0  1  0  1  0 
 0  0  0  0  0  0 -1  1  0  0  0  0 
# Ver4Legs(InL,OutL,InR,OutR)
 5  2  4  3 |11  4  9  5 | 1  6  8  7 | 3  8 10  9 | 6 10  7 11 |
# WType(Direct,Exchange)
 0  0 | 0  0 | 0  0 | 0  0 | 0  0 |
# SpinFactor
 4 -2 -2  4 -2  4  4 -2 -2  4  4 -8  4 -2 -8  4 -2  4  4 -8  4 -2 -8  4  4 -2 -2  4 -2  4  4 -2 

# Permutation
 1  3  6  8  0  2 10 11  7  5  9  4 
# SymFactor
-1.0
# GType
 0  0  0  0  0  0  0  0  0  0  0  0 
# VertexBasis
 0  1  2  2  3  3  4  4  5  5  6  6 
 1  2  4  5  0  2  6  6  4  3  5  3 
# LoopBasis
 1  0  0  0  0  0  0  0  0  0  0  0 
-1 -1  0  0 -1  1  0  0  0  0  0  0 
 1  1  1  0  1  0  1  0  0  0  0  1 
 1  1  1  0  1  0  0  0 -1  1  0  0 
 0  0 -1  1  0  0  0  0  1  0  0  0 
 0  0  0  0  0  0  1  0  1  0  1  0 
 0  0  0  0  0  0 -1  1  0  0  0  0 
# Ver4Legs(InL,OutL,InR,OutR)
 5  2  1  3 |11  4  9  5 | 2  6  8  7 | 3  8 10  9 | 6 10  7 11 |
# WType(Direct,Exchange)
 0  0 | 0  0 | 0  0 | 0  0 | 0  0 |
# SpinFactor
 4 -2 -2  4 -2  4  4 -2 -2  4  4 -8  4 -2 -8  4 -2  4  4 -8  4 -2 -8  4  4 -2 -2  4 -2  4  4 -2 

# Permutation
 1  9  6  8  3  2 10 11  7  5  0  4 
# SymFactor
-0.5
# GType
 0  0  0  0  0  0  0  0  0  0  0  0 
# VertexBasis
 0  1  2  2  3  3  4  4  5  5  6  6 
 1  5  4  5  2  2  6  6  4  3  0  3 
# LoopBasis
 1  0  0  0  0  0  0  0  0  0  0  0 
 0  0  0  0 -1  1  0  0  0  0  0  0 
 0  0  1  0  1  0  1  0  0  0  0  1 
 0  0  1  0  1  0  0  0 -1  1  0  0 
 0  0 -1  1  0  0  0  0  1  0  0  0 
 1  1  0  0  0  0  1  0  1  0  1  0 
 0  0  0  0  0  0 -1  1  0  0  0  0 
# Ver4Legs(InL,OutL,InR,OutR)
 5  2  4  3 |11  4  9  5 | 2  6  8  7 | 3  8  1  9 | 6 10  7 11 |
# WType(Direct,Exchange)
 0  0 | 0  0 | 0  0 | 0  0 | 0  0 |
# SpinFactor
 4 -2 -2  4 -2  4  4 -2 -2  4  4 -8  4 -2 -8  4 -2  4  4 -8  4 -2 -8  4  4 -2 -2  4 -2  4  4 -2 

# Permutation
 1  7  6  8  3  2 10 11  0  5  9  4 
# SymFactor
-0.5
# GType
 0  0  0  0  0  0  0  0  0  0  0  0 
# VertexBasis
 0  1  2  2  3  3  4  4  5  5  6  6 
 1  4  4  5  2  2  6  6  0  3  5  3 
# LoopBasis
 1  0  0  0  0  0  0  0  0  0  0  0 
 0  0  0  0 -1  1  0  0  0  0  0  0 
 0  0  1  0  1  0  1  0  0  0  0  1 
-1 -1  1  0  1  0  0  0 -1  1  0  0 
 1  1 -1  1  0  0  0  0  1  0  0  0 
 1  1  0  0  0  0  1  0  1  0  1  0 
 0  0  0  0  0  0 -1  1  0  0  0  0 
# Ver4Legs(InL,OutL,InR,OutR)
 5  2  4  3 |11  4  9  5 | 2  6  1  7 | 3  8 10  9 | 6 10  7 11 |
# WType(Direct,Exchange)
 0  0 | 0  0 | 0  0 | 0  0 | 0  0 |
# SpinFactor
 4 -2 -2  4 -2  4  4 -2 -2  4  4 -8  4 -2 -8  4 -2  4  4 -8  4 -2 -8  4  4 -2 -2  4 -2  4  4 -2 

# Permutation
 1  4  6  8  3  2 10  0 11  5  9  7 
# SymFactor
-1.0
# GType
 0  0  0  0  0  0  0  0  0  0  0  0 
# VertexBasis
 0  1  2  2  3  3  4  4  5  5  6  6 
 1  3  4  5  2  2  6  0  6  3  5  4 
# LoopBasis
 1  0  0  0  0  0  0  0  0  0  0  0 
 0  0  0  0 -1  1  0  0  0  0  0  0 
 1  1  1  0  1  0  0  1  0  0  0  0 
 0  0  1  0  1  0  0  0  0  1  1 -1 
 0  0 -1  1  0  0  0  0  0  0 -1  1 
 0  0  0  0  0  0  1  0  0  0  0  1 
 0  0  0  0  0  0  0  0  1  0  1  0 
# Ver4Legs(InL,OutL,InR,OutR)
 5  2  4  3 | 1  4  9  5 | 2  6 11  7 | 3  8 10  9 | 6 10  8 11 |
# WType(Direct,Exchange)
 0  0 | 0  0 | 0  0 | 0  0 | 0  0 |
# SpinFactor
 4 -2 -2  4 -2  4  4 -8 -2  4  4 -8  4 -8 -8 16 -2  4  4 -8  4 -8 -8 16  4 -2 -2  4 -2  4  4 -8 

# Permutation
 1  2  6  8  3  0 10  4 11  5  9  7 
# SymFactor
-1.0
# GType
 0  0  0  0  0  0  0  0  0  0  0  0 
# VertexBasis
 0  1  2  2  3  3  4  4  5  5  6  6 
 1  2  4  5  2  0  6  3  6  3  5  4 
# LoopBasis
 1  0  0  0  0  0  0  0  0  0  0  0 
 1  1  0  0 -1  1  0  0  0  0  0  0 
 0  0  1  0  1  0  0  1  0  0  0  0 
 0  0  1  0  1  0  0  0  0  1  1 -1 
 0  0 -1  1  0  0  0  0  0  0 -1  1 
 0  0  0  0  0  0  1  0  0  0  0  1 
 0  0  0  0  0  0  0  0  1  0  1  0 
# Ver4Legs(InL,OutL,InR,OutR)
 1  2  4  3 | 7  4  9  5 | 2  6 11  7 | 3  8 10  9 | 6 10  8 11 |
# WType(Direct,Exchange)
 0  0 | 0  0 | 0  0 | 0  0 | 0  0 |
# SpinFactor
 4 -2 -2  4 -2  4  4 -8 -2  4  4 -8  4 -8 -8 16 -2  4  4 -8  4 -8 -8 16  4 -2 -2  4 -2  4  4 -8 

# Permutation
 1 11  6  8  3  2 10  4  0  5  9  7 
# SymFactor
-1.0
# GType
 0  0  0  0  0  0  0  0  0  0  0  0 
# VertexBasis
 0  1  2  2  3  3  4  4  5  5  6  6 
 1  6  4  5  2  2  6  3  0  3  5  4 
# LoopBasis
 1  0  0  0  0  0  0  0  0  0  0  0 
 0  0  0  0 -1  1  0  0  0  0  0  0 
 0  0  1  0  1  0  0  1  0  0  0  0 
 0  0  1  0  1  0  0  0  0  1  1 -1 
 0  0 -1  1  0  0  0  0  0  0 -1  1 
 0  0  0  0  0  0  1  0  0  0  0  1 
 1  1  0  0  0  0  0  0  1  0  1  0 
# Ver4Legs(InL,OutL,InR,OutR)
 5  2  4  3 | 7  4  9  5 | 2  6 11  7 | 3  8 10  9 | 6 10  1 11 |
# WType(Direct,Exchange)
 0  0 | 0  0 | 0  0 | 0  0 | 0  0 |
# SpinFactor
 4 -2 -2  4 -2  4  4 -8 -2  4  4 -8  4 -8 -8 16 -2  4  4 -8  4 -8 -8 16  4 -2 -2  4 -2  4  4 -8 

# Permutation
 1  7  6  8  3  2 10  4 11  5  9  0 
# SymFactor
-1.0
# GType
 0  0  0  0  0  0  0  0  0  0  0  0 
# VertexBasis
 0  1  2  2  3  3  4  4  5  5  6  6 
 1  4  4  5  2  2  6  3  6  3  5  0 
# LoopBasis
 1  0  0  0  0  0  0  0  0  0  0  0 
 0  0  0  0 -1  1  0  0  0  0  0  0 
 0  0  1  0  1  0  0  1  0  0  0  0 
-1 -1  1  0  1  0  0  0  0  1  1 -1 
 1  1 -1  1  0  0  0  0  0  0 -1  1 
 1  1  0  0  0  0  1  0  0  0  0  1 
 0  0  0  0  0  0  0  0  1  0  1  0 
# Ver4Legs(InL,OutL,InR,OutR)
 5  2  4  3 | 7  4  9  5 | 2  6  1  7 | 3  8 10  9 | 6 10  8 11 |
# WType(Direct,Exchange)
 0  0 | 0  0 | 0  0 | 0  0 | 0  0 |
# SpinFactor
 4 -2 -2  4 -2  4  4 -8 -2  4  4 -8  4 -8 -8 16 -2  4  4 -8  4 -8 -8 16  4 -2 -2  4 -2  4  4 -8 

# Permutation
 1  8  6  0  3  2 10  4 11  5  9  7 
# SymFactor
-1.0
# GType
 0  0  0  0  0  0  0  0  0  0  0  0 
# VertexBasis
 0  1  2  2  3  3  4  4  5  5  6  6 
 1  5  4  0  2  2  6  3  6  3  5  4 
# LoopBasis
 1  0  0  0  0  0  0  0  0  0  0  0 
 0  0  0  0 -1  1  0  0  0  0  0  0 
 0  0  1  0  1  0  0  1  0  0  0  0 
 0  0  1  0  1  0  0  0  0  1  1 -1 
 1  1 -1  1  0  0  0  0  0  0 -1  1 
 0  0  0  0  0  0  1  0  0  0  0  1 
 0  0  0  0  0  0  0  0  1  0  1  0 
# Ver4Legs(InL,OutL,InR,OutR)
 5  2  4  3 | 7  4  9  5 | 2  6 11  7 | 1  8 10  9 | 6 10  8 11 |
# WType(Direct,Exchange)
 0  0 | 0  0 | 0  0 | 0  0 | 0  0 |
# SpinFactor
 4 -2 -2  4 -2  4  4 -8 -2  4  4 -8  4 -8 -8 16 -2  4  4 -8  4 -8 -8 16  4 -2 -2  4 -2  4  4 -8 

# Permutation
 1  6  0  8  3  2 10  4  7 11  9  5 
# SymFactor
-1.0
# GType
 0  0  0  0  0  0  0  0  0  0  0  0 
# VertexBasis
 0  1  2  2  3  3  4  4  5  5  6  6 
 1  4  0  5  2  2  6  3  4  6  5  3 
# LoopBasis
 1  0  0  0  0  0  0  0  0  0  0  0 
 0  0  0  0 -1  1  0  0  0  0  0  0 
 1  1  1  0  1  0  0  1  0  0  0  0 
 1  1  1  0  1  0  0  0 -1  0 -1  1 
-1 -1 -1  1  0  0  0  0  1  0  0  0 
 0  0  0  0  0  0  1  0  1  0  1  0 
 0  0  0  0  0  0  0  0  0  1  1  0 
# Ver4Legs(InL,OutL,InR,OutR)
 5  2  4  3 | 7  4 11  5 | 1  6  8  7 | 3  8 10  9 | 6 10  9 11 |
# WType(Direct,Exchange)
 0  0 | 0  0 | 0  0 | 0  0 | 0  0 |
# SpinFactor
 4 -8 -2  4 -2  4  4 -2 -2  4  4 -2  4 -8 -8  4 -2  4  4 -2  4 -8 -8  4  4 -8 -2  4 -2  4  4 -2 

# Permutation
 1 11  6  8  3  2 10  4  7  0  9  5 
# SymFactor
-1.0
# GType
 0  0  0  0  0  0  0  0  0  0  0  0 
# VertexBasis
 0  1  2  2  3  3  4  4  5  5  6  6 
 1  6  4  5  2  2  6  3  4  0  5  3 
# LoopBasis
 1  0  0  0  0  0  0  0  0  0  0  0 
 0  0  0  0 -1  1  0  0  0  0  0  0 
 0  0  1  0  1  0  0  1  0  0  0  0 
 0  0  1  0  1  0  0  0 -1  0 -1  1 
 0  0 -1  1  0  0  0  0  1  0  0  0 
 0  0  0  0  0  0  1  0  1  0  1  0 
 1  1  0  0  0  0  0  0  0  1  1  0 
# Ver4Legs(InL,OutL,InR,OutR)
 5  2  4  3 | 7  4 11  5 | 2  6  8  7 | 3  8 10  9 | 6 10  1 11 |
# WType(Direct,Exchange)
 0  0 | 0  0 | 0  0 | 0  0 | 0  0 |
# SpinFactor
 4 -8 -2  4 -2  4  4 -2 -2  4  4 -2  4 -8 -8  4 -2  4  4 -2  4 -8 -8  4  4 -8 -2  4 -2  4  4 -2 

# Permutation
 1  4  6  8  3  2 10  0  7 11  9  5 
# SymFactor
-1.0
# GType
 0  0  0  0  0  0  0  0  0  0  0  0 
# VertexBasis
 0  1  2  2  3  3  4  4  5  5  6  6 
 1  3  4  5  2  2  6  0  4  6  5  3 
# LoopBasis
 1  0  0  0  0  0  0  0  0  0  0  0 
 0  0  0  0 -1  1  0  0  0  0  0  0 
 1  1  1  0  1  0  0  1  0  0  0  0 
 0  0  1  0  1  0  0  0 -1  0 -1  1 
 0  0 -1  1  0  0  0  0  1  0  0  0 
 0  0  0  0  0  0  1  0  1  0  1  0 
 0  0  0  0  0  0  0  0  0  1  1  0 
# Ver4Legs(InL,OutL,InR,OutR)
 5  2  4  3 | 1  4 11  5 | 2  6  8  7 | 3  8 10  9 | 6 10  9 11 |
# WType(Direct,Exchange)
 0  0 | 0  0 | 0  0 | 0  0 | 0  0 |
# SpinFactor
 4 -8 -2  4 -2  4  4 -2 -2  4  4 -2  4 -8 -8  4 -2  4  4 -2  4 -8 -8  4  4 -8 -2  4 -2  4  4 -2 

# Permutation
 1 10  6  8  3  2  0  4  7 11  9  5 
# SymFactor
-1.0
# GType
 0  0  0  0  0  0  0  0  0  0  0  0 
# VertexBasis
 0  1  2  2  3  3  4  4  5  5  6  6 
 1  6  4  5  2  2  0  3  4  6  5  3 
# LoopBasis
 1  0  0  0  0  0  0  0  0  0  0  0 
 0  0  0  0 -1  1  0  0  0  0  0  0 
 0  0  1  0  1  0  0  1  0  0  0  0 
 0  0  1  0  1  0  0  0 -1  0 -1  1 
 0  0 -1  1  0  0  0  0  1  0  0  0 
 1  1  0  0  0  0  1  0  1  0  1  0 
 0  0  0  0  0  0  0  0  0  1  1  0 
# Ver4Legs(InL,OutL,InR,OutR)
 5  2  4  3 | 7  4 11  5 | 2  6  8  7 | 3  8 10  9 | 1 10  9 11 |
# WType(Direct,Exchange)
 0  0 | 0  0 | 0  0 | 0  0 | 0  0 |
# SpinFactor
 4 -8 -2  4 -2  4  4 -2 -2  4  4 -2  4 -8 -8  4 -2  4  4 -2  4 -8 -8  4  4 -8 -2  4 -2  4  4 -2 

# Permutation
 1  2  6  8  3  0 10  4  7 11  9  5 
# SymFactor
-2.0
# GType
 0  0  0  0  0  0  0  0  0  0  0  0 
# VertexBasis
 0  1  2  2  3  3  4  4  5  5  6  6 
 1  2  4  5  2  0  6  3  4  6  5  3 
# LoopBasis
 1  0  0  0  0  0  0  0  0  0  0  0 
 1  1  0  0 -1  1  0  0  0  0  0  0 
 0  0  1  0  1  0  0  1  0  0  0  0 
 0  0  1  0  1  0  0  0 -1  0 -1  1 
 0  0 -1  1  0  0  0  0  1  0  0  0 
 0  0  0  0  0  0  1  0  1  0  1  0 
 0  0  0  0  0  0  0  0  0  1  1  0 
# Ver4Legs(InL,OutL,InR,OutR)
 1  2  4  3 | 7  4 11  5 | 2  6  8  7 | 3  8 10  9 | 6 10  9 11 |
# WType(Direct,Exchange)
 0  0 | 0  0 | 0  0 | 0  0 | 0  0 |
# SpinFactor
 4 -8 -2  4 -2  4  4 -2 -2  4  4 -2  4 -8 -8  4 -2  4  4 -2  4 -8 -8  4  4 -8 -2  4 -2  4  4 -2 

# Permutation
 1  8  6  0  3  2 10  4  7 11  9  5 
# SymFactor
-1.0
# GType
 0  0  0  0  0  0  0  0  0  0  0  0 
# VertexBasis
 0  1  2  2  3  3  4  4  5  5  6  6 
 1  5  4  0  2  2  6  3  4  6  5  3 
# LoopBasis
 1  0  0  0  0  0  0  0  0  0  0  0 
 0  0  0  0 -1  1  0  0  0  0  0  0 
 0  0  1  0  1  0  0  1  0  0  0  0 
 0  0  1  0  1  0  0  0 -1  0 -1  1 
 1  1 -1  1  0  0  0  0  1  0  0  0 
 0  0  0  0  0  0  1  0  1  0  1  0 
 0  0  0  0  0  0  0  0  0  1  1  0 
# Ver4Legs(InL,OutL,InR,OutR)
 5  2  4  3 | 7  4 11  5 | 2  6  8  7 | 1  8 10  9 | 6 10  9 11 |
# WType(Direct,Exchange)
 0  0 | 0  0 | 0  0 | 0  0 | 0  0 |
# SpinFactor
 4 -8 -2  4 -2  4  4 -2 -2  4  4 -2  4 -8 -8  4 -2  4  4 -2  4 -8 -8  4  4 -8 -2  4 -2  4  4 -2 

# Permutation
 1  7  6  8  3  2 10  4  0 11  9  5 
# SymFactor
-1.0
# GType
 0  0  0  0  0  0  0  0  0  0  0  0 
# VertexBasis
 0  1  2  2  3  3  4  4  5  5  6  6 
 1  4  4  5  2  2  6  3  0  6  5  3 
# LoopBasis
 1  0  0  0  0  0  0  0  0  0  0  0 
 0  0  0  0 -1  1  0  0  0  0  0  0 
 0  0  1  0  1  0  0  1  0  0  0  0 
-1 -1  1  0  1  0  0  0 -1  0 -1  1 
 1  1 -1  1  0  0  0  0  1  0  0  0 
 1  1  0  0  0  0  1  0  1  0  1  0 
 0  0  0  0  0  0  0  0  0  1  1  0 
# Ver4Legs(InL,OutL,InR,OutR)
 5  2  4  3 | 7  4 11  5 | 2  6  1  7 | 3  8 10  9 | 6 10  9 11 |
# WType(Direct,Exchange)
 0  0 | 0  0 | 0  0 | 0  0 | 0  0 |
# SpinFactor
 4 -8 -2  4 -2  4  4 -2 -2  4  4 -2  4 -8 -8  4 -2  4  4 -2  4 -8 -8  4  4 -8 -2  4 -2  4  4 -2 

# Permutation
 1  9  6  8  3  2 10  4  7 11  0  5 
# SymFactor
-1.0
# GType
 0  0  0  0  0  0  0  0  0  0  0  0 
# VertexBasis
 0  1  2  2  3  3  4  4  5  5  6  6 
 1  5  4  5  2  2  6  3  4  6  0  3 
# LoopBasis
 1  0  0  0  0  0  0  0  0  0  0  0 
 0  0  0  0 -1  1  0  0  0  0  0  0 
 0  0  1  0  1  0  0  1  0  0  0  0 
-1 -1  1  0  1  0  0  0 -1  0 -1  1 
 0  0 -1  1  0  0  0  0  1  0  0  0 
 1  1  0  0  0  0  1  0  1  0  1  0 
 1  1  0  0  0  0  0  0  0  1  1  0 
# Ver4Legs(InL,OutL,InR,OutR)
 5  2  4  3 | 7  4 11  5 | 2  6  8  7 | 3  8  1  9 | 6 10  9 11 |
# WType(Direct,Exchange)
 0  0 | 0  0 | 0  0 | 0  0 | 0  0 |
# SpinFactor
 4 -8 -2  4 -2  4  4 -2 -2  4  4 -2  4 -8 -8  4 -2  4  4 -2  4 -8 -8  4  4 -8 -2  4 -2  4  4 -2 

# Permutation
 1  5  6  8  3  2 10  4  7 11  9  0 
# SymFactor
-1.0
# GType
 0  0  0  0  0  0  0  0  0  0  0  0 
# VertexBasis
 0  1  2  2  3  3  4  4  5  5  6  6 
 1  3  4  5  2  2  6  3  4  6  5  0 
# LoopBasis
 1  0  0  0  0  0  0  0  0  0  0  0 
 0  0  0  0 -1  1  0  0  0  0  0  0 
 0  0  1  0  1  0  0  1  0  0  0  0 
 1  1  1  0  1  0  0  0 -1  0 -1  1 
 0  0 -1  1  0  0  0  0  1  0  0  0 
 0  0  0  0  0  0  1  0  1  0  1  0 
 0  0  0  0  0  0  0  0  0  1  1  0 
# Ver4Legs(InL,OutL,InR,OutR)
 5  2  4  3 | 7  4  1  5 | 2  6  8  7 | 3  8 10  9 | 6 10  9 11 |
# WType(Direct,Exchange)
 0  0 | 0  0 | 0  0 | 0  0 | 0  0 |
# SpinFactor
 4 -8 -2  4 -2  4  4 -2 -2  4  4 -2  4 -8 -8  4 -2  4  4 -2  4 -8 -8  4  4 -8 -2  4 -2  4  4 -2 

# Permutation
 1 11  6  4  8 10  5  3  0  2  9  7 
# SymFactor
-2.0
# GType
 0  0  0  0  0  0  0  0  0  0  0  0 
# VertexBasis
 0  1  2  2  3  3  4  4  5  5  6  6 
 1  6  4  3  5  6  3  2  0  2  5  4 
# LoopBasis
 1  0  0  0  0  0  0  0  0  0  0  0 
 0  0  0  0  1  0  1 -1  0  1  0  0 
 0  0  0  1  0  0 -1  1  0  0  0  0 
 0  0  1  0  0  0  0  1  0  0  0  0 
 0  0  0  0  1  0  1  0  0  0 -1  1 
 0  0  0  0 -1  1  0  0  0  0  1  0 
 1  1  0  0  0  0  0  0  1  0  1  0 
# Ver4Legs(InL,OutL,InR,OutR)
 9  2  7  3 | 3  4  6  5 | 2  6 11  7 | 4  8 10  9 | 5 10  1 11 |
# WType(Direct,Exchange)
 0  0 | 0  0 | 0  0 | 0  0 | 0  0 |
# SpinFactor
 4 -2 -2  4 -2  4  4 -8 -2  4  4 -8  4 -2 -2  4 -2  4  4 -8  4 -8 -8 16  4 -2 -2  4 -8  4  4 -8 

# Permutation
 1 10  6  4  8  0  5  3 11  2  9  7 
# SymFactor
-2.0
# GType
 0  0  0  0  0  0  0  0  0  0  0  0 
# VertexBasis
 0  1  2  2  3  3  4  4  5  5  6  6 
 1  6  4  3  5  0  3  2  6  2  5  4 
# LoopBasis
 1  0  0  0  0  0  0  0  0  0  0  0 
 0  0  0  0  1  0  1 -1  0  1  0  0 
 0  0  0  1  0  0 -1  1  0  0  0  0 
 0  0  1  0  0  0  0  1  0  0  0  0 
 0  0  0  0  1  0  1  0  0  0 -1  1 
 1  1  0  0 -1  1  0  0  0  0  1  0 
 0  0  0  0  0  0  0  0  1  0  1  0 
# Ver4Legs(InL,OutL,InR,OutR)
 9  2  7  3 | 3  4  6  5 | 2  6 11  7 | 4  8 10  9 | 1 10  8 11 |
# WType(Direct,Exchange)
 0  0 | 0  0 | 0  0 | 0  0 | 0  0 |
# SpinFactor
 4 -2 -2  4 -2  4  4 -8 -2  4  4 -8  4 -2 -2  4 -2  4  4 -8  4 -8 -8 16  4 -2 -2  4 -8  4  4 -8 

# Permutation
 1  7  6  4  8 10  5  3 11  2  9  0 
# SymFactor
-2.0
# GType
 0  0  0  0  0  0  0  0  0  0  0  0 
# VertexBasis
 0  1  2  2  3  3  4  4  5  5  6  6 
 1  4  4  3  5  6  3  2  6  2  5  0 
# LoopBasis
 1  0  0  0  0  0  0  0  0  0  0  0 
 0  0  0  0  1  0  1 -1  0  1  0  0 
 0  0  0  1  0  0 -1  1  0  0  0  0 
 0  0  1  0  0  0  0  1  0  0  0  0 
 1  1  0  0  1  0  1  0  0  0 -1  1 
 0  0  0  0 -1  1  0  0  0  0  1  0 
 0  0  0  0  0  0  0  0  1  0  1  0 
# Ver4Legs(InL,OutL,InR,OutR)
 9  2  7  3 | 3  4  6  5 | 2  6  1  7 | 4  8 10  9 | 5 10  8 11 |
# WType(Direct,Exchange)
 0  0 | 0  0 | 0  0 | 0  0 | 0  0 |
# SpinFactor
 4 -2 -2  4 -2  4  4 -8 -2  4  4 -8  4 -2 -2  4 -2  4  4 -8  4 -8 -8 16  4 -2 -2  4 -8  4  4 -8 

# Permutation
 1  4  6  0  8 10  5  3 11  2  9  7 
# SymFactor
-2.0
# GType
 0  0  0  0  0  0  0  0  0  0  0  0 
# VertexBasis
 0  1  2  2  3  3  4  4  5  5  6  6 
 1  3  4  0  5  6  3  2  6  2  5  4 
# LoopBasis
 1  0  0  0  0  0  0  0  0  0  0  0 
 0  0  0  0  1  0  1 -1  0  1  0  0 
 1  1  0  1  0  0 -1  1  0  0  0  0 
 0  0  1  0  0  0  0  1  0  0  0  0 
 0  0  0  0  1  0  1  0  0  0 -1  1 
 0  0  0  0 -1  1  0  0  0  0  1  0 
 0  0  0  0  0  0  0  0  1  0  1  0 
# Ver4Legs(InL,OutL,InR,OutR)
 9  2  7  3 | 1  4  6  5 | 2  6 11  7 | 4  8 10  9 | 5 10  8 11 |
# WType(Direct,Exchange)
 0  0 | 0  0 | 0  0 | 0  0 | 0  0 |
# SpinFactor
 4 -2 -2  4 -2  4  4 -8 -2  4  4 -8  4 -2 -2  4 -2  4  4 -8  4 -8 -8 16  4 -2 -2  4 -8  4  4 -8 

# Permutation
 1  6  0  4  8 10  5  3 11  2  9  7 
# SymFactor
-2.0
# GType
 0  0  0  0  0  0  0  0  0  0  0  0 
# VertexBasis
 0  1  2  2  3  3  4  4  5  5  6  6 
 1  4  0  3  5  6  3  2  6  2  5  4 
# LoopBasis
 1  0  0  0  0  0  0  0  0  0  0  0 
 0  0  0  0  1  0  1 -1  0  1  0  0 
 0  0  0  1  0  0 -1  1  0  0  0  0 
 1  1  1  0  0  0  0  1  0  0  0  0 
 0  0  0  0  1  0  1  0  0  0 -1  1 
 0  0  0  0 -1  1  0  0  0  0  1  0 
 0  0  0  0  0  0  0  0  1  0  1  0 
# Ver4Legs(InL,OutL,InR,OutR)
 9  2  7  3 | 3  4  6  5 | 1  6 11  7 | 4  8 10  9 | 5 10  8 11 |
# WType(Direct,Exchange)
 0  0 | 0  0 | 0  0 | 0  0 | 0  0 |
# SpinFactor
 4 -2 -2  4 -2  4  4 -8 -2  4  4 -8  4 -2 -2  4 -2  4  4 -8  4 -8 -8 16  4 -2 -2  4 -8  4  4 -8 

# Permutation
 1  5  6  4  8  2 10  3 11  0  9  7 
# SymFactor
-2.0
# GType
 0  0  0  0  0  0  0  0  0  0  0  0 
# VertexBasis
 0  1  2  2  3  3  4  4  5  5  6  6 
 1  3  4  3  5  2  6  2  6  0  5  4 
# LoopBasis
 1  0  0  0  0  0  0  0  0  0  0  0 
 1  1  0  0  0  1  0 -1  0  1  1 -1 
-1 -1  0  1  0  0  0  1  0 -1 -1  1 
 0  0  1  0  0  0  0  1  0  0  0  0 
 1  1  0  0  1  0  0  0  0  1  0  0 
 0  0  0  0  0  0  1  0  0  0  0  1 
 0  0  0  0  0  0  0  0  1  0  1  0 
# Ver4Legs(InL,OutL,InR,OutR)
 5  2  7  3 | 3  4  1  5 | 2  6 11  7 | 4  8 10  9 | 6 10  8 11 |
# WType(Direct,Exchange)
 0  0 | 0  0 | 0  0 | 0  0 | 0  0 |
# SpinFactor
 4 -2 -2  4 -2  4  4 -8 -2  4  4 -8  4 -8 -8 16 -2  4  4 -8  4 -8 -8 16  4 -8 -8 16 -8 16 16 -32 

# Permutation
 1 11  6  4  8  2 10  3  7  0  9  5 
# SymFactor
-2.0
# GType
 0  0  0  0  0  0  0  0  0  0  0  0 
# VertexBasis
 0  1  2  2  3  3  4  4  5  5  6  6 
 1  6  4  3  5  2  6  2  4  0  5  3 
# LoopBasis
 1  0  0  0  0  0  0  0  0  0  0  0 
 0  0  0  0  0  1  0 -1 -1  0 -1  1 
 0  0  0  1  0  0  0  1  1  0  1 -1 
 0  0  1  0  0  0  0  1  0  0  0  0 
 0  0  0  0  1  0  0  0  0  0 -1  1 
 0  0  0  0  0  0  1  0  1  0  1  0 
 1  1  0  0  0  0  0  0  0  1  1  0 
# Ver4Legs(InL,OutL,InR,OutR)
 5  2  7  3 | 3  4 11  5 | 2  6  8  7 | 4  8 10  9 | 6 10  1 11 |
# WType(Direct,Exchange)
 0  0 | 0  0 | 0  0 | 0  0 | 0  0 |
# SpinFactor
 4 -8 -2  4 -2  4  4 -2 -2  4  4 -2  4 -8 -8  4 -2  4  4 -2  4 -8 -8  4  4 -8 -8  4 -8 16 16 -8 

# Permutation
 1 10  6  4  8  2  0  3  7 11  9  5 
# SymFactor
-2.0
# GType
 0  0  0  0  0  0  0  0  0  0  0  0 
# VertexBasis
 0  1  2  2  3  3  4  4  5  5  6  6 
 1  6  4  3  5  2  0  2  4  6  5  3 
# LoopBasis
 1  0  0  0  0  0  0  0  0  0  0  0 
 0  0  0  0  0  1  0 -1 -1  0 -1  1 
 0  0  0  1  0  0  0  1  1  0  1 -1 
 0  0  1  0  0  0  0  1  0  0  0  0 
 0  0  0  0  1  0  0  0  0  0 -1  1 
 1  1  0  0  0  0  1  0  1  0  1  0 
 0  0  0  0  0  0  0  0  0  1  1  0 
# Ver4Legs(InL,OutL,InR,OutR)
 5  2  7  3 | 3  4 11  5 | 2  6  8  7 | 4  8 10  9 | 1 10  9 11 |
# WType(Direct,Exchange)
 0  0 | 0  0 | 0  0 | 0  0 | 0  0 |
# SpinFactor
 4 -8 -2  4 -2  4  4 -2 -2  4  4 -2  4 -8 -8  4 -2  4  4 -2  4 -8 -8  4  4 -8 -8  4 -8 16 16 -8 

# Permutation
 1  3  6  4  8  2 10  0  7 11  9  5 
# SymFactor
-2.0
# GType
 0  0  0  0  0  0  0  0  0  0  0  0 
# VertexBasis
 0  1  2  2  3  3  4  4  5  5  6  6 
 1  2  4  3  5  2  6  0  4  6  5  3 
# LoopBasis
 1  0  0  0  0  0  0  0  0  0  0  0 
-1 -1  0  0  0  1  0 -1 -1  0 -1  1 
 1  1  0  1  0  0  0  1  1  0  1 -1 
 1  1  1  0  0  0  0  1  0  0  0  0 
 0  0  0  0  1  0  0  0  0  0 -1  1 
 0  0  0  0  0  0  1  0  1  0  1  0 
 0  0  0  0  0  0  0  0  0  1  1  0 
# Ver4Legs(InL,OutL,InR,OutR)
 5  2  1  3 | 3  4 11  5 | 2  6  8  7 | 4  8 10  9 | 6 10  9 11 |
# WType(Direct,Exchange)
 0  0 | 0  0 | 0  0 | 0  0 | 0  0 |
# SpinFactor
 4 -8 -2  4 -2  4  4 -2 -2  4  4 -2  4 -8 -8  4 -2  4  4 -2  4 -8 -8  4  4 -8 -8  4 -8 16 16 -8 

# Permutation
 1  6  0  4  8  2 10  3  7 11  9  5 
# SymFactor
-2.0
# GType
 0  0  0  0  0  0  0  0  0  0  0  0 
# VertexBasis
 0  1  2  2  3  3  4  4  5  5  6  6 
 1  4  0  3  5  2  6  2  4  6  5  3 
# LoopBasis
 1  0  0  0  0  0  0  0  0  0  0  0 
 0  0  0  0  0  1  0 -1 -1  0 -1  1 
 0  0  0  1  0  0  0  1  1  0  1 -1 
 1  1  1  0  0  0  0  1  0  0  0  0 
 0  0  0  0  1  0  0  0  0  0 -1  1 
 0  0  0  0  0  0  1  0  1  0  1  0 
 0  0  0  0  0  0  0  0  0  1  1  0 
# Ver4Legs(InL,OutL,InR,OutR)
 5  2  7  3 | 3  4 11  5 | 1  6  8  7 | 4  8 10  9 | 6 10  9 11 |
# WType(Direct,Exchange)
 0  0 | 0  0 | 0  0 | 0  0 | 0  0 |
# SpinFactor
 4 -8 -2  4 -2  4  4 -2 -2  4  4 -2  4 -8 -8  4 -2  4  4 -2  4 -8 -8  4  4 -8 -8  4 -8 16 16 -8 

# Permutation
 1  7  6  4  8  2 10  3  0 11  9  5 
# SymFactor
-2.0
# GType
 0  0  0  0  0  0  0  0  0  0  0  0 
# VertexBasis
 0  1  2  2  3  3  4  4  5  5  6  6 
 1  4  4  3  5  2  6  2  0  6  5  3 
# LoopBasis
 1  0  0  0  0  0  0  0  0  0  0  0 
-1 -1  0  0  0  1  0 -1 -1  0 -1  1 
 1  1  0  1  0  0  0  1  1  0  1 -1 
 0  0  1  0  0  0  0  1  0  0  0  0 
 0  0  0  0  1  0  0  0  0  0 -1  1 
 1  1  0  0  0  0  1  0  1  0  1  0 
 0  0  0  0  0  0  0  0  0  1  1  0 
# Ver4Legs(InL,OutL,InR,OutR)
 5  2  7  3 | 3  4 11  5 | 2  6  1  7 | 4  8 10  9 | 6 10  9 11 |
# WType(Direct,Exchange)
 0  0 | 0  0 | 0  0 | 0  0 | 0  0 |
# SpinFactor
 4 -8 -2  4 -2  4  4 -2 -2  4  4 -2  4 -8 -8  4 -2  4  4 -2  4 -8 -8  4  4 -8 -8  4 -8 16 16 -8 

# Permutation
 1  3  6  4  8  2  5 10  7 11  9  0 
# SymFactor
-2.0
# GType
 0  0  0  0  0  0  0  0  0  0  0  0 
# VertexBasis
 0  1  2  2  3  3  4  4  5  5  6  6 
 1  2  4  3  5  2  3  6  4  6  5  0 
# LoopBasis
 1  0  0  0  0  0  0  0  0  0  0  0 
-1 -1  0  0  0  1  1  0  1  0  1 -1 
 1  1  0  1  0  0 -1  0 -1  0 -1  1 
 1  1  1  0  0  0  0  0 -1  0 -1  1 
 0  0  0  0  1  0  1  0  1  0  0  0 
 0  0  0  0  0  0  0  1  1  0  1  0 
 0  0  0  0  0  0  0  0  0  1  1  0 
# Ver4Legs(InL,OutL,InR,OutR)
 5  2  1  3 | 3  4  6  5 | 2  6  8  7 | 4  8 10  9 | 7 10  9 11 |
# WType(Direct,Exchange)
 0  0 | 0  0 | 0  0 | 0  0 | 0  0 |
# SpinFactor
 4 -8 -8  4 -2  4  4 -2 -2  4  4 -2  4 -8 -2  4 -2  4  4 -2  4 -8 -2  4  4 -8 -8  4 -8 16  4 -8 

# Permutation
 1  5  6  4  8  2  0 10  7 11  9  3 
# SymFactor
-2.0
# GType
 0  0  0  0  0  0  0  0  0  0  0  0 
# VertexBasis
 0  1  2  2  3  3  4  4  5  5  6  6 
 1  3  4  3  5  2  0  6  4  6  5  2 
# LoopBasis
 1  0  0  0  0  0  0  0  0  0  0  0 
 1  1  0  0  0  1  1  0  1  0  1 -1 
-1 -1  0  1  0  0 -1  0 -1  0 -1  1 
 0  0  1  0  0  0  0  0 -1  0 -1  1 
 1  1  0  0  1  0  1  0  1  0  0  0 
 0  0  0  0  0  0  0  1  1  0  1  0 
 0  0  0  0  0  0  0  0  0  1  1  0 
# Ver4Legs(InL,OutL,InR,OutR)
 5  2 11  3 | 3  4  1  5 | 2  6  8  7 | 4  8 10  9 | 7 10  9 11 |
# WType(Direct,Exchange)
 0  0 | 0  0 | 0  0 | 0  0 | 0  0 |
# SpinFactor
 4 -8 -8  4 -2  4  4 -2 -2  4  4 -2  4 -8 -2  4 -2  4  4 -2  4 -8 -2  4  4 -8 -8  4 -8 16  4 -8 

# Permutation
 1 11  6  4  8  2  5 10  7  0  9  3 
# SymFactor
-2.0
# GType
 0  0  0  0  0  0  0  0  0  0  0  0 
# VertexBasis
 0  1  2  2  3  3  4  4  5  5  6  6 
 1  6  4  3  5  2  3  6  4  0  5  2 
# LoopBasis
 1  0  0  0  0  0  0  0  0  0  0  0 
 0  0  0  0  0  1  1  0  1  0  1 -1 
 0  0  0  1  0  0 -1  0 -1  0 -1  1 
 0  0  1  0  0  0  0  0 -1  0 -1  1 
 0  0  0  0  1  0  1  0  1  0  0  0 
 0  0  0  0  0  0  0  1  1  0  1  0 
 1  1  0  0  0  0  0  0  0  1  1  0 
# Ver4Legs(InL,OutL,InR,OutR)
 5  2 11  3 | 3  4  6  5 | 2  6  8  7 | 4  8 10  9 | 7 10  1 11 |
# WType(Direct,Exchange)
 0  0 | 0  0 | 0  0 | 0  0 | 0  0 |
# SpinFactor
 4 -8 -8  4 -2  4  4 -2 -2  4  4 -2  4 -8 -2  4 -2  4  4 -2  4 -8 -2  4  4 -8 -8  4 -8 16  4 -8 

# Permutation
 1  7  6  4  8  2  5 10  0 11  9  3 
# SymFactor
-2.0
# GType
 0  0  0  0  0  0  0  0  0  0  0  0 
# VertexBasis
 0  1  2  2  3  3  4  4  5  5  6  6 
 1  4  4  3  5  2  3  6  0  6  5  2 
# LoopBasis
 1  0  0  0  0  0  0  0  0  0  0  0 
 1  1  0  0  0  1  1  0  1  0  1 -1 
-1 -1  0  1  0  0 -1  0 -1  0 -1  1 
-1 -1  1  0  0  0  0  0 -1  0 -1  1 
 1  1  0  0  1  0  1  0  1  0  0  0 
 1  1  0  0  0  0  0  1  1  0  1  0 
 0  0  0  0  0  0  0  0  0  1  1  0 
# Ver4Legs(InL,OutL,InR,OutR)
 5  2 11  3 | 3  4  6  5 | 2  6  1  7 | 4  8 10  9 | 7 10  9 11 |
# WType(Direct,Exchange)
 0  0 | 0  0 | 0  0 | 0  0 | 0  0 |
# SpinFactor
 4 -8 -8  4 -2  4  4 -2 -2  4  4 -2  4 -8 -2  4 -2  4  4 -2  4 -8 -2  4  4 -8 -8  4 -8 16  4 -8 

# Permutation
 1  9  6  4  8  2  5 10  7 11  0  3 
# SymFactor
-2.0
# GType
 0  0  0  0  0  0  0  0  0  0  0  0 
# VertexBasis
 0  1  2  2  3  3  4  4  5  5  6  6 
 1  5  4  3  5  2  3  6  4  6  0  2 
# LoopBasis
 1  0  0  0  0  0  0  0  0  0  0  0 
 1  1  0  0  0  1  1  0  1  0  1 -1 
-1 -1  0  1  0  0 -1  0 -1  0 -1  1 
-1 -1  1  0  0  0  0  0 -1  0 -1  1 
 0  0  0  0  1  0  1  0  1  0  0  0 
 1  1  0  0  0  0  0  1  1  0  1  0 
 1  1  0  0  0  0  0  0  0  1  1  0 
# Ver4Legs(InL,OutL,InR,OutR)
 5  2 11  3 | 3  4  6  5 | 2  6  8  7 | 4  8  1  9 | 7 10  9 11 |
# WType(Direct,Exchange)
 0  0 | 0  0 | 0  0 | 0  0 | 0  0 |
# SpinFactor
 4 -8 -8  4 -2  4  4 -2 -2  4  4 -2  4 -8 -2  4 -2  4  4 -2  4 -8 -2  4  4 -8 -8  4 -8 16  4 -8 

